  1     21.000000 21.000000 21.000000        1   1   0   0   0   0   0   0   0.000000 0.000000 0.000000 0.000000 0.000000 0.000000 0.000000      1   0   1
  2     26.984381 21.156742 24.695185        4   3   6  67   1   0   0   0   1.499908 1.499908 1.326408 7.035039 0.000000 0.000000 0.000000      0   0   1
  3     26.392552 22.396795 25.296627        4   2   4  97   1   0   0   0   1.499908 1.499909 1.326428 7.035030 0.000000 0.000000 0.000000      0   0   1
  4     25.434977 21.978506 26.372644        4   3   5 109   1   0   0   0   1.499909 1.499902 1.326415 7.035040 0.000000 0.000000 0.000000      0   0   1
  5     25.434983 20.479950 26.436198        4   4   6  88   1   0   0   0   1.499902 1.499895 1.326415 7.035039 0.000000 0.000000 0.000000      0   0   1
  6     26.392559 19.972072 25.399477        4   2   5  70   1   0   0   0   1.499908 1.499895 1.326411 7.035035 0.000000 0.000000 0.000000      0   0   1
  7     25.304398 15.728350 22.781433        4   8  11  73   1   0   0   0   1.499907 1.499909 1.326434 7.035030 0.000000 0.000000 0.000000      0   0   1
  8     24.027019 14.989045 23.048733        4   7   9  85   1   0   0   0   1.499907 1.499915 1.326416 7.035036 0.000000 0.000000 0.000000      0   0   1
  9     23.509554 14.469622 21.740232        4   8  10 127   1   0   0   0   1.499915 1.499926 1.326441 7.035030 0.000000 0.000000 0.000000      0   0   1
 10     24.467147 14.887904 20.664205        4   9  11 142   1   0   0   0   1.499926 1.499929 1.326451 7.035026 0.000000 0.000000 0.000000      0   0   1
 11     25.576424 15.665834 21.307723        4   7  10  76   1   0   0   0   1.499909 1.499929 1.326425 7.035032 0.000000 0.000000 0.000000      0   0   1
 12     27.590188 19.696862 18.911245        4  13  16  79   1   0   0   0   1.499935 1.499909 1.326422 7.035030 0.000000 0.000000 0.000000      0   0   1
 13     27.072734 20.103620 17.563433        4  12  14 139   1   0   0   0   1.499935 1.499914 1.326438 7.035025 0.000000 0.000000 0.000000      0   0   1
 14     27.072727 21.602187 17.499874        4  13  15 154   1   0   0   0   1.499914 1.499927 1.326452 7.035021 0.000000 0.000000 0.000000      0   0   1
 15     27.590187 22.121599 18.808396        4  14  16 100   1   0   0   0   1.499927 1.499918 1.326439 7.035032 0.000000 0.000000 0.000000      0   0   1
 16     27.909983 20.944042 19.680660        4  12  15  64   1   0   0   0   1.499909 1.499918 1.326434 7.035030 0.000000 0.000000 0.000000      0   0   1
 17     25.576387 26.341100 20.854922        4  18  21 103   1   0   0   0   1.499926 1.499904 1.326429 7.035035 0.000000 0.000000 0.000000      0   0   1
 18     24.467100 27.061745 20.147863        4  17  19 151   1   0   0   0   1.499926 1.499891 1.326434 7.035031 0.000000 0.000000 0.000000      0   0   1
 19     23.509521 27.569617 21.184581        4  18  20 166   1   0   0   0   1.499891 1.499931 1.326431 7.035029 0.000000 0.000000 0.000000      0   0   1
 20     24.026979 27.162861 22.532386        4  19  21 112   1   0   0   0   1.499931 1.499902 1.326423 7.035031 0.000000 0.000000 0.000000      0   0   1
 21     25.304364 26.403601 22.328628        4  17  20  94   1   0   0   0   1.499904 1.499902 1.326433 7.035034 0.000000 0.000000 0.000000      0   0   1
 22     20.768647 25.739571 26.193707        4  23  26 115   1   0   0   0   1.499929 1.499926 1.326434 7.035030 0.000000 0.000000 0.000000      0   0   1
 23     19.293591 25.728047 25.921927        4  22  24 163   1   0   0   0   1.499929 1.499924 1.326446 7.035029 0.000000 0.000000 0.000000      0   0   1
 24     18.701774 24.543357 26.626222        4  23  25 178   1   0   0   0   1.499924 1.499933 1.326435 7.035026 0.000000 0.000000 0.000000      0   0   1
 25     19.811067 23.822709 27.333283        4  24  26 118   1   0   0   0   1.499933 1.499913 1.326428 7.035035 0.000000 0.000000 0.000000      0   0   1
 26     21.088457 24.562004 27.065966        4  22  25 106   1   0   0   0   1.499926 1.499913 1.326424 7.035030 0.000000 0.000000 0.000000      0   0   1
 27     21.088503 17.964351 27.345763        4  28  31  91   1   0   0   0   1.499911 1.499909 1.326429 7.035034 0.000000 0.000000 0.000000      0   0   1
 28     19.811108 18.723612 27.549526        4  27  29 121   1   0   0   0   1.499911 1.499927 1.326426 7.035033 0.000000 0.000000 0.000000      0   0   1
 29     18.701815 17.945696 26.906022        4  28  30 175   1   0   0   0   1.499927 1.499923 1.326448 7.035021 0.000000 0.000000 0.000000      0   0   1
 30     19.293648 16.705635 26.304561        4  29  31 130   1   0   0   0   1.499923 1.499925 1.326443 7.035025 0.000000 0.000000 0.000000      0   0   1
 31     20.768698 16.717172 26.576352        4  27  30  82   1   0   0   0   1.499909 1.499925 1.326412 7.035042 0.000000 0.000000 0.000000      0   0   1
 32     22.706409 16.271953 16.078073        4  33  36 145   1   0   0   0   1.499929 1.499924 1.326446 7.035029 0.000000 0.000000 0.000000      0   0   1
 33     21.231353 16.260429 15.806293        4  32  34 187   1   0   0   0   1.499929 1.499926 1.326434 7.035030 0.000000 0.000000 0.000000      0   0   1
 34     20.911543 17.437996 14.934034        4  33  35 217   1   0   0   0   1.499926 1.499913 1.326424 7.035030 0.000000 0.000000 0.000000      0   0   1
 35     22.188933 18.177291 14.666717        4  34  36 190   1   0   0   0   1.499913 1.499933 1.326428 7.035035 0.000000 0.000000 0.000000      0   0   1
 36     23.298226 17.456643 15.373778        4  32  35 136   1   0   0   0   1.499924 1.499933 1.326435 7.035026 0.000000 0.000000 0.000000      0   0   1
 37     23.298185 24.054304 15.093978        4  38  41 157   1   0   0   0   1.499927 1.499929 1.326448 7.035021 0.000000 0.000000 0.000000      0   0   1
 38     22.188892 23.276388 14.450474        4  37  39 193   1   0   0   0   1.499927 1.499911 1.326426 7.035033 0.000000 0.000000 0.000000      0   0   1
 39     20.911497 24.035649 14.654237        4  38  40 229   1   0   0   0   1.499911 1.499909 1.326429 7.035034 0.000000 0.000000 0.000000      0   0   1
 40     21.231302 25.282828 15.423648        4  39  41 196   1   0   0   0   1.499909 1.499927 1.326412 7.035042 0.000000 0.000000 0.000000      0   0   1
 41     22.706353 25.294371 15.695442        4  37  40 148   1   0   0   0   1.499929 1.499927 1.326436 7.035026 0.000000 0.000000 0.000000      0   0   1
 42     18.490446 27.530378 20.259768        4  43  46 169   1   0   0   0   1.499921 1.499926 1.326441 7.035030 0.000000 0.000000 0.000000      0   0   1
 43     17.972980 27.010949 18.951263        4  42  44 199   1   0   0   0   1.499921 1.499903 1.326413 7.035033 0.000000 0.000000 0.000000      0   0   1
 44     16.695602 26.271650 19.218567        4  43  45 235   1   0   0   0   1.499903 1.499909 1.326434 7.035030 0.000000 0.000000 0.000000      0   0   1
 45     16.423576 26.334166 20.692277        4  44  46 202   1   0   0   0   1.499909 1.499929 1.326425 7.035032 0.000000 0.000000 0.000000      0   0   1
 46     17.532853 27.112096 21.335795        4  42  45 160   1   0   0   0   1.499926 1.499929 1.326451 7.035026 0.000000 0.000000 0.000000      0   0   1
 47     14.927266 21.896380 24.436567        4  48  51 181   1   0   0   0   1.499935 1.499914 1.326438 7.035025 0.000000 0.000000 0.000000      0   0   1
 48     14.409812 22.303138 23.088755        4  47  49 205   1   0   0   0   1.499935 1.499909 1.326422 7.035030 0.000000 0.000000 0.000000      0   0   1
 49     14.090017 21.055958 22.319340        4  48  50 241   1   0   0   0   1.499909 1.499918 1.323591 7.035030 0.000000 0.000000 0.000000      0   0   1
 50     14.409813 19.878401 23.191604        4  49  51 208   1   0   0   0   1.499918 1.499927 1.326439 7.035032 0.000000 0.000000 0.000000      0   0   1
 51     14.927273 20.397813 24.500126        4  47  50 172   1   0   0   0   1.499914 1.499927 1.326452 7.035021 0.000000 0.000000 0.000000      0   0   1
 52     17.532900 14.938255 21.852137        4  53  56 133   1   0   0   0   1.499926 1.499891 1.326434 7.035031 0.000000 0.000000 0.000000      0   0   1
 53     16.423613 15.658900 21.145078        4  52  54 211   1   0   0   0   1.499926 1.499904 1.326429 7.035035 0.000000 0.000000 0.000000      0   0   1
 54     16.695636 15.596399 19.671372        4  53  55 220   1   0   0   0   1.499904 1.499902 1.326433 7.035034 0.000000 0.000000 0.000000      0   0   1
 55     17.973021 14.837139 19.467614        4  54  56 184   1   0   0   0   1.499902 1.499931 1.326423 7.035031 0.000000 0.000000 0.000000      0   0   1
 56     18.490479 14.430383 20.815419        4  52  55 124   1   0   0   0   1.499891 1.499931 1.326431 7.035029 0.000000 0.000000 0.000000      0   0   1
 57     15.015622 20.843260 17.304809        4  58  61 238   1   0   0   0   1.499902 1.499906 1.326415 7.035039 0.000000 0.000000 0.000000      0   0   1
 58     15.607441 22.027928 16.600523        4  57  59 232   1   0   0   0   1.499902 1.499895 1.326411 7.035035 0.000000 0.000000 0.000000      0   0   1
 59     16.565017 21.520050 15.563802        4  58  60 226   1   0   0   0   1.499895 1.499902 1.326415 7.035039 0.000000 0.000000 0.000000      0   0   1
 60     16.565023 20.021494 15.627356        4  59  61 214   1   0   0   0   1.499902 1.499909 1.326415 7.035040 0.000000 0.000000 0.000000      0   0   1
 61     15.607448 19.603205 16.703373        4  57  60 223   1   0   0   0   1.499906 1.499909 1.326428 7.035030 0.000000 0.000000 0.000000      0   0   1
 62     27.568256 19.871297 23.023588        4  63  67  69   1   0   0   0   1.499909 1.326381 1.499941 6.964974 0.000000 0.000000 0.000000      0   0   1
 63     27.840281 19.808780 21.549878        4  62  64  74   1   0   0   0   1.499909 1.326385 1.499953 6.964971 0.000000 0.000000 0.000000      0   0   1
 64     28.035033 21.000000 21.000000        4  16  63  65   1   0   0   0   1.326434 1.326385 1.326400 7.035033 0.000000 0.000000 0.000000      0   0   1
 65     27.840274 22.233520 21.447026        4  64  66  99   1   0   0   0   1.326400 1.499910 1.499962 6.964967 0.000000 0.000000 0.000000      0   0   1
 66     27.568248 22.296019 22.920738        4  65  67  92   1   0   0   0   1.499910 1.326382 1.499957 6.964969 0.000000 0.000000 0.000000      0   0   1
 67     27.572235 21.106353 23.507225        4   2  62  66   1   0   0   0   1.326408 1.326381 1.326382 7.035038 0.000000 0.000000 0.000000      0   0   1
 68     26.656628 17.439422 22.958484        4  69  73  75   1   0   0   0   1.499909 1.326382 1.499959 6.964971 0.000000 0.000000 0.000000      0   0   1
 69     26.976423 18.686602 23.727899        4  62  68  70   1   0   0   0   1.499941 1.499909 1.326376 6.964975 0.000000 0.000000 0.000000      0   0   1
 70     26.388580 18.736988 24.915828        4   6  69  71   1   0   0   0   1.326411 1.326376 1.326372 7.035035 0.000000 0.000000 0.000000      0   0   1
 71     25.427028 18.009812 25.468906        4  70  72  87   1   0   0   0   1.326372 1.499909 1.499930 6.964978 0.000000 0.000000 0.000000      0   0   1
 72     25.107223 16.762633 24.699494        4  71  73  80   1   0   0   0   1.499909 1.326373 1.499954 6.964971 0.000000 0.000000 0.000000      0   0   1
 73     25.844511 16.615160 23.606826        4   7  68  72   1   0   0   0   1.326434 1.326382 1.326373 7.035031 0.000000 0.000000 0.000000      0   0   1
 74     27.520480 18.561565 20.780436        4  63  75  79   1   0   0   0   1.499953 1.499898 1.326392 6.964972 0.000000 0.000000 0.000000      0   0   1
 75     26.928663 17.376904 21.484725        4  68  74  76   1   0   0   0   1.499959 1.499898 1.326388 6.964971 0.000000 0.000000 0.000000      0   0   1
 76     26.388568 16.490123 20.659363        4  11  75  77   1   0   0   0   1.326425 1.326388 1.326412 7.035033 0.000000 0.000000 0.000000      0   0   1
 77     26.091411 16.536458 19.367497        4  76  78 141   1   0   0   0   1.326412 1.499919 1.499976 6.964966 0.000000 0.000000 0.000000      0   0   1
 78     26.683232 17.721139 18.663200        4  77  79 134   1   0   0   0   1.499919 1.326398 1.499984 6.964962 0.000000 0.000000 0.000000      0   0   1
 79     27.395440 18.505607 19.461137        4  12  74  78   1   0   0   0   1.326422 1.326392 1.326398 7.035037 0.000000 0.000000 0.000000      0   0   1
 80     23.829803 16.023306 24.966806        4  72  81  85   1   0   0   0   1.499954 1.499886 1.326388 6.964971 0.000000 0.000000 0.000000      0   0   1
 81     22.872228 16.531180 26.003518        4  80  82  86   1   0   0   0   1.499886 1.326386 1.499953 6.964968 0.000000 0.000000 0.000000      0   0   1
 82     21.660576 16.000578 25.905222        4  31  81  83   1   0   0   0   1.326412 1.326386 1.326406 7.035040 0.000000 0.000000 0.000000      0   0   1
 83     21.077374 15.272453 24.962321        4  82  84 129   1   0   0   0   1.326406 1.499895 1.499960 6.964967 0.000000 0.000000 0.000000      0   0   1
 84     22.034959 14.764578 23.925606        4  83  85 122   1   0   0   0   1.499895 1.326399 1.499969 6.964969 0.000000 0.000000 0.000000      0   0   1
 85     23.289712 15.136528 24.141439        4   8  80  84   1   0   0   0   1.326416 1.326388 1.326399 7.035036 0.000000 0.000000 0.000000      0   0   1
 86     23.192045 17.778392 26.772959        4  81  87  91   1   0   0   0   1.499953 1.499912 1.326379 6.964975 0.000000 0.000000 0.000000      0   0   1
 87     24.469428 18.517699 26.505653        4  71  86  88   1   0   0   0   1.499930 1.499912 1.326373 6.964981 0.000000 0.000000 0.000000      0   0   1
 88     24.473402 19.752747 26.989293        4   5  87  89   1   0   0   0   1.326415 1.326373 1.326377 7.035040 0.000000 0.000000 0.000000      0   0   1
 89     23.511835 20.524127 27.478820        4  88  90 108   1   0   0   0   1.326377 1.499904 1.499947 6.964975 0.000000 0.000000 0.000000      0   0   1
 90     22.234455 19.784831 27.746133        4  89  91 116   1   0   0   0   1.499904 1.326387 1.499953 6.964971 0.000000 0.000000 0.000000      0   0   1
 91     22.300192 18.494971 27.444072        4  27  86  90   1   0   0   0   1.326429 1.326379 1.326387 7.035036 0.000000 0.000000 0.000000      0   0   1
 92     26.976407 23.536115 23.522199        4  66  93  97   1   0   0   0   1.499957 1.499923 1.326369 6.964970 0.000000 0.000000 0.000000      0   0   1
 93     26.656605 24.713675 22.649932        4  92  94  98   1   0   0   0   1.499923 1.326382 1.499953 6.964972 0.000000 0.000000 0.000000      0   0   1
 94     25.844487 25.589876 23.226149        4  21  93  95   1   0   0   0   1.326433 1.326382 1.326385 7.035038 0.000000 0.000000 0.000000      0   0   1
 95     25.107196 25.535448 24.327392        4  94  96 111   1   0   0   0   1.326385 1.499926 1.499944 6.964976 0.000000 0.000000 0.000000      0   0   1
 96     25.427006 24.357881 25.199652        4  95  97 104   1   0   0   0   1.499926 1.326371 1.499962 6.964971 0.000000 0.000000 0.000000      0   0   1
 97     26.388567 23.586504 24.710122        4   3  92  96   1   0   0   0   1.326428 1.326369 1.326371 7.035031 0.000000 0.000000 0.000000      0   0   1
 98     26.928637 24.651173 21.176178        4  93  99 103   1   0   0   0   1.499953 1.499912 1.326385 6.964972 0.000000 0.000000 0.000000      0   0   1
 99     27.520461 23.411112 20.574739        4  65  98 100   1   0   0   0   1.499962 1.499912 1.326392 6.964964 0.000000 0.000000 0.000000      0   0   1
100     27.395421 23.355154 19.255440        4  15  99 101   1   0   0   0   1.326439 1.326392 1.326409 7.035030 0.000000 0.000000 0.000000      0   0   1
101     26.683209 24.069259 18.393948        4 100 102 153   1   0   0   0   1.326409 1.499925 1.499972 6.964964 0.000000 0.000000 0.000000      0   0   1
102     26.091373 25.309317 18.995414        4 101 103 146   1   0   0   0   1.499925 1.326387 1.499979 6.964959 0.000000 0.000000 0.000000      0   0   1
103     26.388541 25.464873 20.278689        4  17  98 102   1   0   0   0   1.326429 1.326385 1.326387 7.035038 0.000000 0.000000 0.000000      0   0   1
104     24.469393 23.939575 26.275702        4  96 105 109   1   0   0   0   1.499962 1.499899 1.326386 6.964971 0.000000 0.000000 0.000000      0   0   1
105     23.192012 24.698837 26.479455        4 104 106 110   1   0   0   0   1.499899 1.326394 1.499970 6.964965 0.000000 0.000000 0.000000      0   0   1
106     22.300154 24.041641 27.208842        4  26 105 107   1   0   0   0   1.326424 1.326394 1.326386 7.035033 0.000000 0.000000 0.000000      0   0   1
107     22.234431 22.781987 27.619026        4 106 108 117   1   0   0   0   1.326386 1.499911 1.499956 6.964970 0.000000 0.000000 0.000000      0   0   1
108     23.511826 22.022726 27.415264        4  89 107 109   1   0   0   0   1.499947 1.499911 1.326372 6.964973 0.000000 0.000000 0.000000      0   0   1
109     24.473378 22.749902 26.862186        4   4 104 108   1   0   0   0   1.326415 1.326386 1.326372 7.035036 0.000000 0.000000 0.000000      0   0   1
110     22.872194 25.876438 25.607169        4 105 111 115   1   0   0   0   1.499970 1.499911 1.326387 6.964967 0.000000 0.000000 0.000000      0   0   1
111     23.829777 26.294730 24.531158        4  95 110 112   1   0   0   0   1.499944 1.499911 1.326391 6.964975 0.000000 0.000000 0.000000      0   0   1
112     23.289675 27.108433 23.633666        4  20 111 113   1   0   0   0   1.326423 1.326391 1.326387 7.035038 0.000000 0.000000 0.000000      0   0   1
113     22.034933 27.460757 23.387106        4 112 114 165   1   0   0   0   1.326387 1.499928 1.499979 6.964966 0.000000 0.000000 0.000000      0   0   1
114     21.077332 27.042472 24.463128        4 113 115 158   1   0   0   0   1.499928 1.326414 1.499971 6.964963 0.000000 0.000000 0.000000      0   0   1
115     21.660532 26.396788 25.464300        4  22 110 114   1   0   0   0   1.326434 1.326387 1.326414 7.035026 0.000000 0.000000 0.000000      0   0   1
116     20.957020 20.544106 27.949905        4  90 117 121   1   0   0   0   1.499953 1.499905 1.326387 6.964974 0.000000 0.000000 0.000000      0   0   1
117     20.957009 22.042664 27.886348        4 107 116 118   1   0   0   0   1.499956 1.499905 1.326387 6.964969 0.000000 0.000000 0.000000      0   0   1
118     19.745347 22.563014 27.743479        4  25 117 119   1   0   0   0   1.326428 1.326387 1.326396 7.035032 0.000000 0.000000 0.000000      0   0   1
119     18.570326 22.024017 27.446604        4 118 120 177   1   0   0   0   1.326396 1.499920 1.499983 6.964957 0.000000 0.000000 0.000000      0   0   1
120     18.570331 20.525444 27.510159        4 119 121 170   1   0   0   0   1.499920 1.326411 1.499972 6.964960 0.000000 0.000000 0.000000      0   0   1
121     19.745366 20.013509 27.851600        4  28 116 120   1   0   0   0   1.326426 1.326387 1.326411 7.035033 0.000000 0.000000 0.000000      0   0   1
122     21.517475 14.245146 22.617054        4  84 123 127   1   0   0   0   1.499969 1.499923 1.326376 6.964962 0.000000 0.000000 0.000000      0   0   1
123     20.042426 14.233598 22.345268        4 122 124 128   1   0   0   0   1.499923 1.326391 1.499939 6.964976 0.000000 0.000000 0.000000      0   0   1
124     19.745261 14.078044 21.061987        4  56 123 125   1   0   0   0   1.326431 1.326391 1.326383 7.035033 0.000000 0.000000 0.000000      0   0   1
125     20.482545 14.132475 19.960742        4 124 126 183   1   0   0   0   1.326383 1.499929 1.499979 6.964963 0.000000 0.000000 0.000000      0   0   1
126     21.957602 14.143999 20.232522        4 125 127 143   1   0   0   0   1.499929 1.326407 1.499972 6.964968 0.000000 0.000000 0.000000      0   0   1
127     22.254762 14.097666 21.524383        4   9 122 126   1   0   0   0   1.326441 1.326376 1.326407 7.035028 0.000000 0.000000 0.000000      0   0   1
128     19.084817 14.741485 23.382019        4 123 129 133   1   0   0   0   1.499939 1.499924 1.326387 6.964980 0.000000 0.000000 0.000000      0   0   1
129     19.602289 15.260911 24.690526        4  83 128 130   1   0   0   0   1.499960 1.499924 1.326375 6.964963 0.000000 0.000000 0.000000      0   0   1
130     18.710435 15.977485 25.361635        4  30 129 131   1   0   0   0   1.326443 1.326375 1.326411 7.035028 0.000000 0.000000 0.000000      0   0   1
131     17.535401 16.489426 25.020198        4 130 132 174   1   0   0   0   1.326411 1.499927 1.499968 6.964963 0.000000 0.000000 0.000000      0   0   1
132     17.017951 15.970013 23.711673        4 131 133 206   1   0   0   0   1.499927 1.326387 1.499979 6.964959 0.000000 0.000000 0.000000      0   0   1
133     17.830075 15.093809 23.135459        4  52 128 132   1   0   0   0   1.326434 1.326387 1.326387 7.035033 0.000000 0.000000 0.000000      0   0   1
134     26.165758 18.127909 17.315346        4  78 135 139   1   0   0   0   1.499984 1.499929 1.326385 6.964957 0.000000 0.000000 0.000000      0   0   1
135     25.056481 17.349980 16.671828        4 134 136 140   1   0   0   0   1.499929 1.326404 1.499962 6.964967 0.000000 0.000000 0.000000      0   0   1
136     24.473283 17.995652 15.670661        4  36 135 137   1   0   0   0   1.326435 1.326404 1.326390 7.035030 0.000000 0.000000 0.000000      0   0   1
137     24.539009 19.255309 15.260470        4 136 138 189   1   0   0   0   1.326390 1.499929 1.499983 6.964964 0.000000 0.000000 0.000000      0   0   1
138     25.648297 20.033234 15.903976        4 137 139 155   1   0   0   0   1.499929 1.326409 1.499959 6.964967 0.000000 0.000000 0.000000      0   0   1
139     26.360509 19.319129 16.765468        4  13 134 138   1   0   0   0   1.326438 1.326385 1.326409 7.035030 0.000000 0.000000 0.000000      0   0   1
140     24.464644 16.165265 17.376146        4 135 141 145   1   0   0   0   1.499962 1.499935 1.326396 6.964965 0.000000 0.000000 0.000000      0   0   1
141     24.982098 15.758507 18.723957        4  77 140 142   1   0   0   0   1.499976 1.499935 1.326382 6.964964 0.000000 0.000000 0.000000      0   0   1
142     24.169982 14.934245 19.372300        4  10 141 143   1   0   0   0   1.326451 1.326382 1.326399 7.035025 0.000000 0.000000 0.000000      0   0   1
143     22.915229 14.562295 19.156467        4 126 142 144   1   0   0   0   1.499972 1.326399 1.499936 6.964967 0.000000 0.000000 0.000000      0   0   1
144     22.397765 14.969054 17.808659        4 143 145 182   1   0   0   0   1.499936 1.326403 1.499971 6.964964 0.000000 0.000000 0.000000      0   0   1
145     23.289628 15.626258 17.079270        4  32 140 144   1   0   0   0   1.326446 1.326396 1.326403 7.035028 0.000000 0.000000 0.000000      0   0   1
146     24.982049 26.029987 18.288327        4 102 147 151   1   0   0   0   1.499979 1.499927 1.326387 6.964959 0.000000 0.000000 0.000000      0   0   1
147     24.464599 25.510574 16.979802        4 146 148 152   1   0   0   0   1.499927 1.326411 1.499968 6.964963 0.000000 0.000000 0.000000      0   0   1
148     23.289565 26.022515 16.638365        4  41 147 149   1   0   0   0   1.326436 1.326411 1.326375 7.035028 0.000000 0.000000 0.000000      0   0   1
149     22.397711 26.739089 17.309474        4 148 150 195   1   0   0   0   1.326375 1.499924 1.499960 6.964963 0.000000 0.000000 0.000000      0   0   1
150     22.915183 27.258515 18.617981        4 149 151 167   1   0   0   0   1.499924 1.326387 1.499939 6.964980 0.000000 0.000000 0.000000      0   0   1
151     24.169925 26.906191 18.864541        4  18 146 150   1   0   0   0   1.326434 1.326387 1.326387 7.035033 0.000000 0.000000 0.000000      0   0   1
152     25.056449 24.270478 16.378320        4 147 153 157   1   0   0   0   1.499968 1.499934 1.326403 6.964965 0.000000 0.000000 0.000000      0   0   1
153     26.165739 23.549829 17.085387        4 101 152 154   1   0   0   0   1.499972 1.499934 1.326397 6.964961 0.000000 0.000000 0.000000      0   0   1
154     26.360494 22.316313 16.638352        4  14 153 155   1   0   0   0   1.326452 1.326397 1.326398 7.035023 0.000000 0.000000 0.000000      0   0   1
155     25.648287 21.531845 15.840415        4 138 154 156   1   0   0   0   1.499959 1.326398 1.499933 6.964966 0.000000 0.000000 0.000000      0   0   1
156     24.538995 22.252499 15.133357        4 155 157 188   1   0   0   0   1.499933 1.326379 1.499972 6.964965 0.000000 0.000000 0.000000      0   0   1
157     24.473253 23.542351 15.435421        4  37 152 156   1   0   0   0   1.326448 1.326403 1.326379 7.035024 0.000000 0.000000 0.000000      0   0   1
158     19.602235 27.030946 24.191341        4 114 159 163   1   0   0   0   1.499971 1.499936 1.326403 6.964964 0.000000 0.000000 0.000000      0   0   1
159     19.084771 27.437705 22.843533        4 158 160 164   1   0   0   0   1.499936 1.326399 1.499972 6.964967 0.000000 0.000000 0.000000      0   0   1
160     17.830018 27.065755 22.627700        4  46 159 161   1   0   0   0   1.326451 1.326399 1.326382 7.035025 0.000000 0.000000 0.000000      0   0   1
161     17.017902 26.241493 23.276043        4 160 162 201   1   0   0   0   1.326382 1.499935 1.499976 6.964964 0.000000 0.000000 0.000000      0   0   1
162     17.535356 25.834735 24.623854        4 161 163 179   1   0   0   0   1.499935 1.326396 1.499962 6.964965 0.000000 0.000000 0.000000      0   0   1
163     18.710372 26.373742 24.920730        4  23 158 162   1   0   0   0   1.326446 1.326403 1.326396 7.035028 0.000000 0.000000 0.000000      0   0   1
164     20.042397 27.855995 21.767475        4 159 165 169   1   0   0   0   1.499972 1.499932 1.326403 6.964962 0.000000 0.000000 0.000000      0   0   1
165     21.517455 27.867525 22.039258        4 113 164 166   1   0   0   0   1.499979 1.499932 1.326383 6.964963 0.000000 0.000000 0.000000      0   0   1
166     22.254739 27.921956 20.938013        4  19 165 167   1   0   0   0   1.326431 1.326383 1.326391 7.035033 0.000000 0.000000 0.000000      0   0   1
167     21.957574 27.766402 19.654732        4 150 166 168   1   0   0   0   1.499939 1.326391 1.499923 6.964976 0.000000 0.000000 0.000000      0   0   1
168     20.482525 27.754854 19.382946        4 167 169 194   1   0   0   0   1.499923 1.326376 1.499969 6.964962 0.000000 0.000000 0.000000      0   0   1
169     19.745238 27.902334 20.475617        4  42 164 168   1   0   0   0   1.326441 1.326403 1.326376 7.035028 0.000000 0.000000 0.000000      0   0   1
170     17.461005 19.747501 26.866643        4 120 171 175   1   0   0   0   1.499972 1.499933 1.326379 6.964965 0.000000 0.000000 0.000000      0   0   1
171     16.351713 20.468155 26.159585        4 170 172 176   1   0   0   0   1.499933 1.326398 1.499965 6.964966 0.000000 0.000000 0.000000      0   0   1
172     15.639506 19.683687 25.361648        4  51 171 173   1   0   0   0   1.326452 1.326398 1.326397 7.035023 0.000000 0.000000 0.000000      0   0   1
173     15.834261 18.450171 24.914613        4 172 174 207   1   0   0   0   1.326397 1.499934 1.499972 6.964961 0.000000 0.000000 0.000000      0   0   1
174     16.943551 17.729522 25.621680        4 131 173 175   1   0   0   0   1.499968 1.499934 1.326403 6.964965 0.000000 0.000000 0.000000      0   0   1
175     17.526747 18.457649 26.564579        4  29 170 174   1   0   0   0   1.326448 1.326379 1.326403 7.035024 0.000000 0.000000 0.000000      0   0   1
176     16.351705 21.966772 26.096028        4 171 177 181   1   0   0   0   1.499965 1.499923 1.326409 6.964969 0.000000 0.000000 0.000000      0   0   1
177     17.460991 22.744691 26.739530        4 119 176 178   1   0   0   0   1.499983 1.499923 1.326390 6.964964 0.000000 0.000000 0.000000      0   0   1
178     17.526717 24.004348 26.329339        4  24 177 179   1   0   0   0   1.326435 1.326390 1.326404 7.035030 0.000000 0.000000 0.000000      0   0   1
179     16.943519 24.650020 25.328172        4 162 178 180   1   0   0   0   1.499962 1.326404 1.499929 6.964967 0.000000 0.000000 0.000000      0   0   1
180     15.834242 23.872091 24.684654        4 179 181 200   1   0   0   0   1.499929 1.326385 1.499984 6.964957 0.000000 0.000000 0.000000      0   0   1
181     15.639491 22.680871 25.234532        4  47 176 180   1   0   0   0   1.326438 1.326409 1.326385 7.035030 0.000000 0.000000 0.000000      0   0   1
182     20.922668 14.957528 17.536872        4 144 183 187   1   0   0   0   1.499971 1.499928 1.326414 6.964963 0.000000 0.000000 0.000000      0   0   1
183     19.965067 14.539243 18.612894        4 125 182 184   1   0   0   0   1.499979 1.499928 1.326387 6.964966 0.000000 0.000000 0.000000      0   0   1
184     18.710325 14.891567 18.366334        4  55 183 185   1   0   0   0   1.326423 1.326387 1.326391 7.035038 0.000000 0.000000 0.000000      0   0   1
185     18.170223 15.705270 17.468842        4 184 186 219   1   0   0   0   1.326391 1.499911 1.499941 6.964975 0.000000 0.000000 0.000000      0   0   1
186     19.127806 16.123562 16.392831        4 185 187 212   1   0   0   0   1.499911 1.326387 1.499970 6.964967 0.000000 0.000000 0.000000      0   0   1
187     20.339468 15.603212 16.535700        4  33 182 186   1   0   0   0   1.326434 1.326414 1.326387 7.035026 0.000000 0.000000 0.000000      0   0   1
188     23.429669 21.474556 14.489841        4 156 189 193   1   0   0   0   1.499972 1.499920 1.326411 6.964960 0.000000 0.000000 0.000000      0   0   1
189     23.429674 19.975983 14.553396        4 137 188 190   1   0   0   0   1.499983 1.499920 1.326396 6.964957 0.000000 0.000000 0.000000      0   0   1
190     22.254653 19.436986 14.256521        4  35 189 191   1   0   0   0   1.326428 1.326396 1.326387 7.035032 0.000000 0.000000 0.000000      0   0   1
191     21.042991 19.957336 14.113652        4 190 192 216   1   0   0   0   1.326387 1.499905 1.499956 6.964969 0.000000 0.000000 0.000000      0   0   1
192     21.042980 21.455894 14.050095        4 191 193 224   1   0   0   0   1.499905 1.326387 1.499953 6.964974 0.000000 0.000000 0.000000      0   0   1
193     22.254634 21.986491 14.148400        4  38 188 192   1   0   0   0   1.326426 1.326411 1.326387 7.035033 0.000000 0.000000 0.000000      0   0   1
194     19.965041 27.235422 18.074394        4 168 195 199   1   0   0   0   1.499969 1.499895 1.326399 6.964969 0.000000 0.000000 0.000000      0   0   1
195     20.922626 26.727547 17.037679        4 149 194 196   1   0   0   0   1.499960 1.499895 1.326406 6.964967 0.000000 0.000000 0.000000      0   0   1
196     20.339424 25.999422 16.094778        4  40 195 197   1   0   0   0   1.326412 1.326406 1.326386 7.035040 0.000000 0.000000 0.000000      0   0   1
197     19.127772 25.468820 15.996482        4 196 198 228   1   0   0   0   1.326386 1.499886 1.499953 6.964968 0.000000 0.000000 0.000000      0   0   1
198     18.170197 25.976694 17.033194        4 197 199 230   1   0   0   0   1.499886 1.326388 1.499954 6.964971 0.000000 0.000000 0.000000      0   0   1
199     18.710288 26.863472 17.858561        4  43 194 198   1   0   0   0   1.326413 1.326399 1.326388 7.035036 0.000000 0.000000 0.000000      0   0   1
200     15.316768 24.278861 23.336800        4 180 201 205   1   0   0   0   1.499984 1.499919 1.326398 6.964962 0.000000 0.000000 0.000000      0   0   1
201     15.908589 25.463542 22.632503        4 161 200 202   1   0   0   0   1.499976 1.499919 1.326412 6.964966 0.000000 0.000000 0.000000      0   0   1
202     15.611432 25.509877 21.340637        4  45 201 203   1   0   0   0   1.326425 1.326412 1.326388 7.035033 0.000000 0.000000 0.000000      0   0   1
203     15.071337 24.623096 20.515275        4 202 204 234   1   0   0   0   1.326388 1.499898 1.499959 6.964971 0.000000 0.000000 0.000000      0   0   1
204     14.479520 23.438435 21.219564        4 203 205 236   1   0   0   0   1.499898 1.326392 1.499953 6.964972 0.000000 0.000000 0.000000      0   0   1
205     14.604560 23.494393 22.538863        4  48 200 204   1   0   0   0   1.326422 1.326398 1.326392 7.035037 0.000000 0.000000 0.000000      0   0   1
206     15.908627 16.690683 23.004586        4 132 207 211   1   0   0   0   1.499979 1.499925 1.326387 6.964959 0.000000 0.000000 0.000000      0   0   1
207     15.316791 17.930741 23.606052        4 173 206 208   1   0   0   0   1.499972 1.499925 1.326409 6.964964 0.000000 0.000000 0.000000      0   0   1
208     14.604579 18.644846 22.744560        4  50 207 209   1   0   0   0   1.326439 1.326409 1.326392 7.035030 0.000000 0.000000 0.000000      0   0   1
209     14.479539 18.588888 21.425261        4 208 210 240   1   0   0   0   1.326392 1.499912 1.499962 6.964964 0.000000 0.000000 0.000000      0   0   1
210     15.071363 17.348827 20.823822        4 209 211 221   1   0   0   0   1.499912 1.326385 1.499953 6.964972 0.000000 0.000000 0.000000      0   0   1
211     15.611459 16.535127 21.721311        4  53 206 210   1   0   0   0   1.326429 1.326387 1.326385 7.035038 0.000000 0.000000 0.000000      0   0   1
212     18.807988 17.301163 15.520545        4 186 213 217   1   0   0   0   1.499970 1.499899 1.326397 6.964965 0.000000 0.000000 0.000000      0   0   1
213     17.530607 18.060425 15.724298        4 212 214 218   1   0   0   0   1.499899 1.326386 1.499962 6.964971 0.000000 0.000000 0.000000      0   0   1
214     17.526622 19.250098 15.137814        4  60 213 215   1   0   0   0   1.326415 1.326386 1.326372 7.035036 0.000000 0.000000 0.000000      0   0   1
215     18.488174 19.977274 14.584736        4 214 216 225   1   0   0   0   1.326372 1.499911 1.499947 6.964973 0.000000 0.000000 0.000000      0   0   1
216     19.765569 19.218013 14.380974        4 191 215 217   1   0   0   0   1.499956 1.499911 1.326381 6.964970 0.000000 0.000000 0.000000      0   0   1
217     19.699848 17.958365 14.791162        4  34 212 216   1   0   0   0   1.326424 1.326397 1.326381 7.035027 0.000000 0.000000 0.000000      0   0   1
218     16.572994 17.642119 16.800348        4 213 219 223   1   0   0   0   1.499962 1.499922 1.326371 6.964971 0.000000 0.000000 0.000000      0   0   1
219     16.892807 16.464555 17.672602        4 185 218 220   1   0   0   0   1.499941 1.499922 1.326392 6.964975 0.000000 0.000000 0.000000      0   0   1
220     16.155513 16.410124 18.773851        4  54 219 221   1   0   0   0   1.326433 1.326392 1.326382 7.035038 0.000000 0.000000 0.000000      0   0   1
221     15.343395 17.286325 19.350068        4 210 220 222   1   0   0   0   1.499953 1.326382 1.499923 6.964972 0.000000 0.000000 0.000000      0   0   1
222     15.023593 18.463885 18.477801        4 221 223 239   1   0   0   0   1.499923 1.326369 1.499957 6.964970 0.000000 0.000000 0.000000      0   0   1
223     15.611433 18.413496 17.289878        4  61 218 222   1   0   0   0   1.326428 1.326371 1.326369 7.035031 0.000000 0.000000 0.000000      0   0   1
224     19.765545 22.215169 14.253867        4 192 225 229   1   0   0   0   1.499953 1.499904 1.326387 6.964971 0.000000 0.000000 0.000000      0   0   1
225     18.488165 21.475873 14.521180        4 215 224 226   1   0   0   0   1.499947 1.499904 1.326377 6.964975 0.000000 0.000000 0.000000      0   0   1
226     17.526598 22.247253 15.010707        4  59 225 227   1   0   0   0   1.326415 1.326377 1.326373 7.035040 0.000000 0.000000 0.000000      0   0   1
227     17.530572 23.482301 15.494347        4 226 228 231   1   0   0   0   1.326373 1.499912 1.499930 6.964981 0.000000 0.000000 0.000000      0   0   1
228     18.807955 24.221608 15.227041        4 197 227 229   1   0   0   0   1.499953 1.499912 1.326379 6.964975 0.000000 0.000000 0.000000      0   0   1
229     19.699808 23.505029 14.555928        4  39 224 228   1   0   0   0   1.326429 1.326387 1.326379 7.035036 0.000000 0.000000 0.000000      0   0   1
230     16.892777 25.237367 17.300506        4 198 231 235   1   0   0   0   1.499954 1.499909 1.326373 6.964971 0.000000 0.000000 0.000000      0   0   1
231     16.572972 23.990188 16.531094        4 227 230 232   1   0   0   0   1.499930 1.499909 1.326372 6.964978 0.000000 0.000000 0.000000      0   0   1
232     15.611420 23.263012 17.084172        4  58 231 233   1   0   0   0   1.326411 1.326372 1.326376 7.035035 0.000000 0.000000 0.000000      0   0   1
233     15.023577 23.313398 18.272101        4 232 234 237   1   0   0   0   1.326376 1.499909 1.499941 6.964975 0.000000 0.000000 0.000000      0   0   1
234     15.343372 24.560578 19.041516        4 203 233 235   1   0   0   0   1.499959 1.499909 1.326382 6.964971 0.000000 0.000000 0.000000      0   0   1
235     16.155489 25.384840 18.393174        4  44 230 234   1   0   0   0   1.326434 1.326373 1.326382 7.035031 0.000000 0.000000 0.000000      0   0   1
236     14.159719 22.191220 20.450122        4 204 237 241   1   0   0   0   1.499953 1.499909 1.321696 6.964971 0.000000 0.000000 0.000000      0   0   1
237     14.431744 22.128703 18.976412        4 233 236 238   1   0   0   0   1.499941 1.499909 1.326381 6.964974 0.000000 0.000000 0.000000      0   0   1
238     14.427765 20.893647 18.492775        4  57 237 239   1   0   0   0   1.326415 1.326381 1.326382 7.035038 0.000000 0.000000 0.000000      0   0   1
239     14.431752 19.703981 19.079262        4 222 238 240   1   0   0   0   1.499957 1.326382 1.499910 6.964969 0.000000 0.000000 0.000000      0   0   1
240     14.159726 19.766480 20.552974        4 209 239 241   1   0   0   0   1.499962 1.499910 1.321710 6.964967 0.000000 0.000000 0.000000      0   0   1
241     14.000000 21.000000 21.000000        4  49 236 240   1   0   0   0   1.323591 1.321696 1.321710 7.000000 0.000000 0.000000 0.000000      0   1   1
