  1     10.305592 9.376387 7.631307        6  13  14  17  18  20   1   0   1.481291 1.481293 1.481293 1.481305 1.481291 0.000000 0.000000      1   0   1
  2     9.424940 8.596565 10.227058        6  14  15  16  23  26   1   0   1.481309 1.481304 1.481292 1.481322 1.481330 2.849841 0.000000      0   0   1
  3     10.305583 6.623598 8.368697        6  13  15  19  25  28   1   0   1.481309 1.481305 1.481319 1.481317 1.481331 2.849841 0.000000      0   0   1
  4     9.424926 7.403438 5.772932        6  18  19  21  27  30   1   0   1.481308 1.481304 1.481304 1.481308 1.481308 2.849851 0.000000      0   0   1
  5     8.000026 9.858389 6.027052        6  20  21  22  29  32   1   0   1.481309 1.481319 1.481305 1.481331 1.481317 2.849841 0.000000      0   0   1
  6     8.000041 10.595757 8.779855        6  16  17  22  24  31   1   0   1.481292 1.481309 1.481304 1.481322 1.481330 2.849841 0.000000      0   0   1
  7     7.999974 6.141611 9.972948        6  25  26  33  34  38   1   0   1.481317 1.481331 1.481319 1.481305 1.481309 4.611175 0.000000      0   0   1
  8     7.999959 5.404243 7.220145        6  27  28  34  35  40   1   0   1.481322 1.481330 1.481304 1.481292 1.481309 4.611174 0.000000      0   0   1
  9     6.575060 7.403435 5.772942        6  29  30  35  36  41   1   0   1.481330 1.481322 1.481292 1.481304 1.481309 4.611174 0.000000      0   0   1
 10     5.694417 9.376402 7.631303        6  31  32  36  37  42   1   0   1.481331 1.481317 1.481305 1.481319 2.213926 4.611175 0.000000      0   0   1
 11     6.575074 8.596562 10.227068        6  23  24  33  37  39   1   0   1.481308 1.481308 1.481304 1.481304 1.481308 4.611168 0.000000      0   0   1
 12     5.694408 6.623613 8.368693        6  38  39  40  41  42   1   0   1.481292 1.481305 1.481293 1.481293 2.213909 5.420749 0.000000      0   0   1
 13     10.710375 8.000000 8.000000        3   1   3   1   0   0   0   0   1.481291 1.481309 1.481291 0.000000 0.000000 0.000000 0.000000      0   0   1
 14     10.192750 9.159672 9.092309        3   1   2   1   0   0   0   0   1.481293 1.481309 1.481293 0.000000 0.000000 0.000000 0.000000      0   0   1
 15     10.192743 7.541624 9.525745        3   2   3   1   0   0   0   0   1.481304 1.481305 2.639694 0.000000 0.000000 0.000000 0.000000      0   0   1
 16     8.837579 9.876392 9.767412        3   2   6   1   0   0   0   0   1.481292 1.481292 2.639699 0.000000 0.000000 0.000000 0.000000      0   0   1
 17     9.355221 10.334759 8.241671        3   1   6   1   0   0   0   0   1.481293 1.481309 1.481293 0.000000 0.000000 0.000000 0.000000      0   0   1
 18     10.192743 8.458370 6.474252        3   1   4   1   0   0   0   0   1.481305 1.481308 1.481305 0.000000 0.000000 0.000000 0.000000      0   0   1
 19     10.192737 6.840323 6.907670        3   3   4   1   0   0   0   0   1.481319 1.481304 2.639699 0.000000 0.000000 0.000000 0.000000      0   0   1
 20     9.355213 9.901348 6.623626        3   1   5   1   0   0   0   0   1.481291 1.481309 1.481291 0.000000 0.000000 0.000000 0.000000      0   0   1
 21     8.837571 8.741677 5.531291        3   4   5   1   0   0   0   0   1.481304 1.481319 2.639699 0.000000 0.000000 0.000000 0.000000      0   0   1
 22     8.000039 10.618079 7.298719        3   5   6   1   0   0   0   0   1.481305 1.481304 2.639694 0.000000 0.000000 0.000000 0.000000      0   0   1
 23     8.000001 8.701303 10.618072        3   2  11   1   0   0   0   0   1.481322 1.481308 3.833048 0.000000 0.000000 0.000000 0.000000      0   0   1
 24     7.162468 9.876395 9.767431        3   6  11   1   0   0   0   0   1.481322 1.481308 3.833048 0.000000 0.000000 0.000000 0.000000      0   0   1
 25     9.355174 6.098634 9.376387        3   3   7   1   0   0   0   0   1.481317 1.481317 3.833048 0.000000 0.000000 0.000000 0.000000      0   0   1
 26     8.837548 7.258315 10.468714        3   2   7   1   0   0   0   0   1.481330 1.481331 3.833049 0.000000 0.000000 0.000000 0.000000      0   0   1
 27     8.837532 6.123605 6.232569        3   4   8   1   0   0   0   0   1.481308 1.481322 3.833048 0.000000 0.000000 0.000000 0.000000      0   0   1
 28     9.355170 5.665211 7.758326        3   3   8   1   0   0   0   0   1.481331 1.481330 3.833049 0.000000 0.000000 0.000000 0.000000      0   0   1
 29     7.162452 8.741685 5.531286        3   5   9   1   0   0   0   0   1.481331 1.481330 3.833049 0.000000 0.000000 0.000000 0.000000      0   0   1
 30     7.999999 7.298697 5.381928        3   4   9   1   0   0   0   0   1.481308 1.481322 3.833048 0.000000 0.000000 0.000000 0.000000      0   0   1
 31     6.644830 10.334789 8.241674        3   6  10   1   0   0   0   0   1.481330 1.481331 3.833049 0.000000 0.000000 0.000000 0.000000      0   0   1
 32     6.644826 9.901366 6.623613        3   5  10   1   0   0   0   0   1.481317 1.481317 3.833048 0.000000 0.000000 0.000000 0.000000      0   0   1
 33     7.162429 7.258323 10.468709        3   7  11   1   0   0   0   0   1.481319 1.481304 4.734608 0.000000 0.000000 0.000000 0.000000      0   0   1
 34     7.999961 5.381921 8.701281        3   7   8   1   0   0   0   0   1.481305 1.481304 4.734610 0.000000 0.000000 0.000000 0.000000      0   0   1
 35     7.162421 6.123608 6.232588        3   8   9   1   0   0   0   0   1.481292 1.481292 4.734608 0.000000 0.000000 0.000000 0.000000      0   0   1
 36     5.807257 8.458376 6.474255        3   9  10   1   0   0   0   0   1.481304 1.481305 4.734610 0.000000 0.000000 0.000000 0.000000      0   0   1
 37     5.807263 9.159677 9.092330        3  10  11   1   0   0   0   0   1.481319 1.481304 4.734608 0.000000 0.000000 0.000000 0.000000      0   0   1
 38     6.644787 6.098652 9.376374        3   7  12   1   0   0   0   0   1.481309 1.481292 5.214432 0.000000 0.000000 0.000000 0.000000      0   0   1
 39     5.807257 7.541630 9.525748        3  11  12   1   0   0   0   0   1.481308 1.481305 5.214428 0.000000 0.000000 0.000000 0.000000      0   0   1
 40     6.644779 5.665241 7.758329        3   8  12   1   0   0   0   0   1.481309 1.481293 5.214431 0.000000 0.000000 0.000000 0.000000      0   0   1
 41     5.807250 6.840328 6.907691        3   9  12   1   0   0   0   0   1.481309 1.481293 5.214431 0.000000 0.000000 0.000000 0.000000      0   0   1
 42     4.000000 8.000000 8.000000        3  10  12   1   0   0   0   0   2.213926 2.213909 6.464586 0.000000 0.000000 0.000000 0.000000      0   1   1
