  1     21.000000 21.000000 21.000000        1   1   0   0   0   0   0   0   0.000000 0.000000 0.000000 0.000000 0.000000 0.000000 0.000000      1   0   1
  2     16.895667 26.517105 19.690040        6  20  21  42  55  69   1   0   0.836198 0.836199 0.836199 0.836208 0.836198 7.000000 0.000000      0   0   1
  3     14.149302 19.719947 20.344717        6  27  28  41  90 105   1   0   0.836215 0.836208 0.836203 0.836219 0.836218 7.000000 0.000000      0   0   1
  4     16.895683 23.163212 26.241670        6  14  34  56 104 119   1   0   0.836215 0.836209 0.836218 0.836213 0.836219 7.000000 0.000000      0   0   1
  5     22.777483 27.026788 24.085189        6  49  62  70 118 133   1   0   0.836210 0.836203 0.836204 0.836205 0.836206 7.000000 0.000000      0   0   1
  6     23.666158 25.971329 16.855427        6  63  76  77 132 147   1   0   0.836215 0.836218 0.836209 0.836219 0.836213 7.000000 0.000000      0   0   1
  7     18.333647 21.455443 14.543753        6  35  48  83  91 146   1   0   0.836203 0.836215 0.836208 0.836219 0.836218 7.000000 0.000000      0   0   1
  8     18.333842 16.028671 25.144573        6  98 111 160 161 195   1   0   0.836213 0.836219 0.836218 0.836209 0.836215 7.000000 0.000000      0   0   1
  9     23.666353 20.544557 27.456247        6 112 125 167 168 209   1   0   0.836219 0.836218 0.836208 0.836203 0.836215 7.000000 0.000000      0   0   1
 10     27.850698 22.280053 21.655283        6 126 139 174 175 216   1   0   0.836218 0.836219 0.836203 0.836208 0.836215 7.000000 0.000000      0   0   1
 11     25.104317 18.836788 15.758330        6 140 153 181 182 223   1   0   0.836219 0.836213 0.836209 0.836218 0.836215 7.000000 0.000000      0   0   1
 12     19.222517 14.973212 17.914811        6  84  97 154 188 196   1   0   0.836206 0.836205 0.836204 0.836203 0.836210 7.000000 0.000000      0   0   1
 13     25.104333 15.482895 22.309960        6 189 202 203 210 217   1   0   0.836198 0.836208 0.836199 0.836199 0.836198 7.000000 0.000000      0   0   1
 14     16.622489 23.754346 25.717093        7   4  15  34  56 601 623   1   0.836215 0.939647 0.981268 0.981276 0.912339 0.912334 7.000000      0   0   1
 15     16.390167 24.371398 25.047607        7  14  16 600 601 623 624   1   0.939647 1.023969 0.983932 1.036198 1.036187 0.983931 7.000000      0   0   1
 16     16.231667 24.974379 24.235324        7  15  17 599 600 624 626   1   1.023969 1.072017 1.040363 1.068733 1.068719 1.040365 7.000000      0   0   1
 17     16.175087 25.514378 23.310975        7  16  18 598 599 626 629   1   1.072017 1.072014 1.070688 1.070709 1.070694 1.070691 7.000000      0   0   1
 18     16.231667 25.948498 22.332429        7  17  19 597 598 629 633   1   1.072014 1.023958 1.068710 1.040379 1.040366 1.068713 7.000000      0   0   1
 19     16.390164 26.254880 21.368324        7  18  20 596 597 633 638   1   1.023958 0.939632 1.036179 0.983939 0.983929 1.036179 7.000000      0   0   1
 20     16.622480 26.437193 20.476303        7   2  19  21  55 596 638   1   0.836198 0.939632 0.981256 0.981264 0.912337 0.912332 7.000000      0   0   1
 21     16.256335 25.978140 19.690128        7   2  20  22  42 622 638   1   0.836199 0.981256 0.939633 0.981248 0.912327 0.912326 7.000000      0   0   1
 22     15.619011 25.288048 19.712526        7  21  23 621 622 638 639   1   0.939633 1.023959 0.983928 1.036163 1.036171 0.983928 7.000000      0   0   1
 23     15.035163 24.448387 19.763332        7  22  24 620 621 639 640   1   1.023959 1.072014 1.040368 1.068694 1.068701 1.040368 7.000000      0   0   1
 24     14.560816 23.490492 19.844859        7  23  25 619 620 640 641   1   1.072014 1.072018 1.070699 1.070671 1.070678 1.070698 7.000000      0   0   1
 25     14.237488 22.474184 19.953479        7  24  26 618 619 641 642   1   1.072018 1.023969 1.068723 1.040347 1.040353 1.068722 7.000000      0   0   1
 26     14.076692 21.470887 20.080179        7  25  27 617 618 642 643   1   1.023969 0.939647 1.036189 0.983916 0.983922 1.036188 7.000000      0   0   1
 27     14.059453 20.540951 20.213817        7   3  26  28  41 617 643   1   0.836215 0.939647 0.981267 0.981267 0.912323 0.912329 7.000000      0   0   1
 28     14.059454 20.093801 21.087283        7   3  27  29 105 517 643   1   0.836208 0.981267 0.939642 0.981274 0.912344 0.912332 7.000000      0   0   1
 29     14.076691 20.529127 21.919821        7  28  30 516 517 637 643   1   0.939642 1.023967 0.983943 1.036192 0.983929 1.036183 7.000000      0   0   1
 30     14.237484 21.012978 22.807820        7  29  31 515 516 632 637   1   1.023967 1.072019 1.040381 1.068725 1.040366 1.068717 7.000000      0   0   1
 31     14.560811 21.519106 23.695806        7  30  32 514 515 628 632   1   1.072019 1.072019 1.070710 1.070701 1.070695 1.070696 7.000000      0   0   1
 32     15.035159 22.013060 24.520566        7  31  33 513 514 625 628   1   1.072019 1.023967 1.068734 1.040373 1.068718 1.040370 7.000000      0   0   1
 33     15.619011 22.462806 25.231449        7  32  34 512 513 623 625   1   1.023967 0.939643 1.036202 0.983936 1.036186 0.983935 7.000000      0   0   1
 34     16.256343 22.848143 25.804382        7   4  14  33 104 512 623   1   0.836209 0.981268 0.939643 0.981283 0.912339 0.912339 7.000000      0   0   1
 35     17.598315 21.254381 14.887404        7   7  36  48  91 538 602   1   0.836203 0.939635 0.981267 0.981276 0.912343 0.912339 7.000000      0   0   1
 36     16.830324 21.024226 15.377437        7  35  37 537 538 602 603   1   0.939635 1.023957 0.983940 1.036193 1.036185 0.983934 7.000000      0   0   1
 37     16.079300 20.773025 16.026551        7  36  38 536 537 603 605   1   1.023957 1.072008 1.040375 1.068726 1.068717 1.040367 7.000000      0   0   1
 38     15.406041 20.515309 16.819965        7  37  39 535 536 605 608   1   1.072008 1.072008 1.070702 1.070703 1.070693 1.070693 7.000000      0   0   1
 39     14.863978 20.268959 17.711413        7  38  40 534 535 608 612   1   1.072008 1.023957 1.068726 1.040375 1.040364 1.068715 7.000000      0   0   1
 40     14.480472 20.049603 18.635152        7  39  41 533 534 612 617   1   1.023957 0.939635 1.036193 0.983940 0.983929 1.036181 7.000000      0   0   1
 41     14.251171 19.866122 19.527715        7   3  27  40  90 533 617   1   0.836203 0.981267 0.939635 0.981276 0.912343 0.912331 7.000000      0   0   1
 42     16.814188 26.209514 18.916750        7   2  21  43  69 554 622   1   0.836199 0.981248 0.939633 0.981256 0.912332 0.912331 7.000000      0   0   1
 43     16.793929 25.775357 18.083679        7  42  44 549 554 616 622   1   0.939633 1.023959 0.983929 1.036180 0.983928 1.036171 7.000000      0   0   1
 44     16.858137 25.204482 17.236052        7  43  45 545 549 611 616   1   1.023959 1.072014 1.040365 1.068713 1.040364 1.068704 7.000000      0   0   1
 45     17.020294 24.510584 16.435163        7  44  46 542 545 607 611   1   1.072014 1.072018 1.070694 1.070691 1.070693 1.070682 7.000000      0   0   1
 46     17.275789 23.734348 15.741331        7  45  47 540 542 604 607   1   1.072018 1.023969 1.068718 1.040364 1.068717 1.040356 7.000000      0   0   1
 47     17.601468 22.932821 15.193609        7  46  48 539 540 602 604   1   1.023969 0.939647 1.036185 0.983930 1.036185 0.983922 7.000000      0   0   1
 48     17.964455 22.160587 14.800121        7   7  35  47  83 539 602   1   0.836215 0.981267 0.939647 0.981267 0.912333 0.912327 7.000000      0   0   1
 49     22.111630 27.359993 23.704582        7   5  50  62  70 580 581   1   0.836210 0.939644 0.981260 0.981260 0.912328 0.912330 7.000000      0   0   1
 50     21.344843 27.625969 23.231058        7  49  51 579 580 581 582   1   0.939644 1.023969 0.983926 1.036178 1.036179 0.983929 7.000000      0   0   1
 51     20.502524 27.779772 22.669491        7  50  52 578 579 582 584   1   1.023969 1.072021 1.040362 1.068711 1.068713 1.040367 7.000000      0   0   1
 52     19.632310 27.785325 22.043451        7  51  53 577 578 584 587   1   1.072021 1.072021 1.070691 1.070687 1.070691 1.070696 7.000000      0   0   1
 53     18.794174 27.631737 21.392938        7  52  54 576 577 587 591   1   1.072021 1.023968 1.068715 1.040359 1.040364 1.068720 7.000000      0   0   1
 54     18.041715 27.339740 20.762816        7  53  55 575 576 591 596   1   1.023968 0.939643 1.036182 0.983922 0.983929 1.036188 7.000001      0   0   1
 55     17.406638 26.952286 20.188808        7   2  20  54  69 575 596   1   0.836208 0.981264 0.939643 0.981264 0.912323 0.912331 7.000000      0   0   1
 56     17.406658 23.822300 26.303066        7   4  14  57 119 496 601   1   0.836218 0.981276 0.939653 0.981277 0.912342 0.912331 7.000000      0   0   1
 57     18.041738 24.514518 26.281747        7  56  58 495 496 595 601   1   0.939653 1.023977 0.983938 1.036200 0.983929 1.036191 7.000000      0   0   1
 58     18.794200 25.196441 26.150179        7  57  59 494 495 590 595   1   1.023977 1.072027 1.040372 1.068735 1.040364 1.068725 7.000001      0   0   1
 59     19.632338 25.813974 25.894401        7  58  60 493 494 586 590   1   1.072027 1.072023 1.070698 1.070711 1.070691 1.070701 7.000000      0   0   1
 60     20.502548 26.318599 25.523832        7  59  61 492 493 583 586   1   1.072023 1.023968 1.068722 1.040379 1.068713 1.040371 7.000000      0   0   1
 61     21.344861 26.684233 25.070697        7  60  62 491 492 581 583   1   1.023968 0.939640 1.036190 0.983938 1.036179 0.983935 7.000000      0   0   1
 62     22.111640 26.912855 24.578046        7   5  49  61 118 491 581   1   0.836203 0.981260 0.939640 0.981274 0.912335 0.912336 7.000000      0   0   1
 63     22.940971 26.374996 16.957470        7   6  64  76  77 559 560   1   0.836215 0.939647 0.981276 0.981268 0.912329 0.912344 7.000000      0   0   1
 64     22.093426 26.736877 17.140899        7  63  65 558 559 560 561   1   0.939647 1.023969 0.983922 1.036190 1.036195 0.983940 7.000000      0   0   1
 65     21.147786 27.013385 17.419866        7  64  66 557 558 561 563   1   1.023969 1.072017 1.040353 1.068723 1.068727 1.040374 7.000000      0   0   1
 66     20.154642 27.164935 17.793922        7  65  67 556 557 563 566   1   1.072017 1.072014 1.070678 1.070699 1.070702 1.070700 7.000000      0   0   1
 67     19.181328 27.171898 18.243169        7  66  68 555 556 566 570   1   1.072014 1.023958 1.068701 1.040369 1.040372 1.068720 7.000000      0   0   1
 68     18.291238 27.043367 18.732772        7  67  69 554 555 570 575   1   1.023958 0.939632 1.036170 0.983929 0.983934 1.036185 7.000000      0   0   1
 69     17.525112 26.811568 19.224940        7   2  42  55  68 554 575   1   0.836198 0.981256 0.981264 0.939632 0.912327 0.912335 7.000000      0   0   1
 70     23.014273 27.287231 23.326680        7   5  49  71 133 475 580   1   0.836204 0.981260 0.939640 0.981274 0.912335 0.912335 7.000000      0   0   1
 71     23.245939 27.472722 22.435138        7  70  72 474 475 574 580   1   0.939640 1.023968 0.983938 1.036191 0.983934 1.036179 7.000000      0   0   1
 72     23.452219 27.542002 21.434558        7  71  73 473 474 569 574   1   1.023968 1.072024 1.040379 1.068722 1.040372 1.068715 7.000000      0   0   1
 73     23.611905 27.464537 20.377329        7  72  74 472 473 565 569   1   1.072024 1.072027 1.070711 1.070699 1.070701 1.070695 7.000000      0   0   1
 74     23.710333 27.235453 19.334700        7  73  75 471 472 562 565   1   1.072027 1.023977 1.068735 1.040372 1.068727 1.040370 7.000001      0   0   1
 75     23.745008 26.880002 18.375023        7  74  76 470 471 560 562   1   1.023977 0.939653 1.036200 0.983938 1.036194 0.983936 7.000000      0   0   1
 76     23.725146 26.442952 17.543434        7   6  63  75 132 470 560   1   0.836218 0.981276 0.939653 0.981277 0.912342 0.912340 7.000000      0   0   1
 77     23.132691 25.700172 16.271362        7   6  63  78 147 454 559   1   0.836209 0.981268 0.939643 0.981283 0.912338 0.912331 7.000000      0   0   1
 78     22.497213 25.315604 15.695859        7  77  79 453 454 553 559   1   0.939643 1.023968 0.983936 1.036202 0.983929 1.036183 7.000000      0   0   1
 79     21.774289 24.808177 15.177778        7  78  80 452 453 548 553   1   1.023968 1.072019 1.040372 1.068734 1.040365 1.068718 7.000000      0   0   1
 80     20.999884 24.189772 14.769001        7  79  81 451 452 544 548   1   1.072019 1.072019 1.070701 1.070710 1.070694 1.070696 7.000000      0   0   1
 81     20.225483 23.496556 14.506362        7  80  82 450 451 541 544   1   1.072019 1.023967 1.068725 1.040381 1.068718 1.040370 7.000000      0   0   1
 82     19.502566 22.779560 14.397663        7  81  83 449 450 539 541   1   1.023967 0.939642 1.036192 0.983943 1.036186 0.983936 7.000000      0   0   1
 83     18.867100 22.087817 14.422204        7   7  48  82 146 449 539   1   0.836208 0.981267 0.939642 0.981274 0.912344 0.912339 7.000000      0   0   1
 84     18.427846 15.204886 18.033407        7  12  85  97 154 433 518   1   0.836206 0.939642 0.981250 0.981274 0.912333 0.912333 7.000000      0   0   1
 85     17.579082 15.563746 18.217111        7  84  86 432 433 518 519   1   0.939642 1.023971 0.983936 1.036191 1.036170 0.983934 7.000000      0   0   1
 86     16.724712 16.066161 18.474302        7  85  87 431 432 519 521   1   1.023971 1.072027 1.040377 1.068723 1.068705 1.040373 7.000000      0   0   1
 87     15.928489 16.705129 18.801397        7  86  88 430 431 521 524   1   1.072027 1.072030 1.070708 1.070700 1.070684 1.070704 6.999999      0   0   1
 88     15.251210 17.444831 19.180058        7  87  89 429 430 524 528   1   1.072030 1.023980 1.068732 1.040373 1.040358 1.068729 7.000000      0   0   1
 89     14.730041 18.229431 19.581704        7  88  90 428 429 528 533   1   1.023980 0.939655 1.036197 0.983938 0.983924 1.036196 7.000000      0   0   1
 90     14.369664 19.001901 19.977140        7   3  41  89 105 428 533   1   0.836219 0.981276 0.939655 0.981275 0.912342 0.912328 7.000000      0   0   1
 91     18.274671 20.621539 14.563437        7   7  35  92 146 344 538   1   0.836219 0.981276 0.939655 0.981275 0.912346 0.912327 7.000000      0   0   1
 92     18.254826 19.691369 14.695121        7  91  93 339 344 532 538   1   0.939655 1.023980 0.983945 1.036193 0.983924 1.036196 7.000000      0   0   1
 93     18.289523 18.704999 14.967895        7  92  94 335 339 527 532   1   1.023980 1.072030 1.040382 1.068725 1.040358 1.068729 7.000001      0   0   1
 94     18.387978 17.725225 15.391687        7  93  95 332 335 523 527   1   1.072030 1.072027 1.070709 1.070698 1.070684 1.070704 6.999999      0   0   1
 95     18.547694 16.822260 15.947012        7  94  96 330 332 520 523   1   1.072027 1.023971 1.068731 1.040367 1.068705 1.040374 7.000000      0   0   1
 96     18.754004 16.051056 16.588259        7  95  97 329 330 518 520   1   1.023971 0.939642 1.036195 0.983929 1.036170 0.983934 7.000000      0   0   1
 97     18.985700 15.436261 17.260027        7  12  84  96 188 329 518   1   0.836205 0.981250 0.939642 0.981274 0.912329 0.912333 7.000000      0   0   1
 98     17.964638 16.648943 25.566714        7   8  99 111 161 412 497   1   0.836213 0.939650 0.981268 0.981283 0.912335 0.912348 7.000000      0   0   1
 99     17.601633 17.419684 25.963108        7  98 100 411 412 497 498   1   0.939650 1.023977 0.983934 1.036203 1.036188 0.983949 7.000000      0   0   1
100     17.275930 18.332681 26.293083        7  99 101 410 411 498 500   1   1.023977 1.072031 1.040371 1.068738 1.068722 1.040388 7.000001      0   0   1
101     17.020408 19.349427 26.517105        7 100 102 409 410 500 503   1   1.072031 1.072031 1.070699 1.070714 1.070699 1.070717 7.000000      0   0   1
102     16.858222 20.404885 26.611730        7 101 103 408 409 503 507   1   1.072031 1.023977 1.068722 1.040385 1.040371 1.068740 7.000000      0   0   1
103     16.793986 21.426328 26.579220        7 102 104 407 408 507 512   1   1.023977 0.939650 1.036188 0.983947 0.983934 1.036204 7.000000      0   0   1
104     16.814223 22.356022 26.444306        7   4  34 103 119 407 512   1   0.836213 0.981283 0.939650 0.981268 0.912347 0.912335 7.000000      0   0   1
105     14.251174 19.142618 20.941017        7   3  28  90 106 428 517   1   0.836218 0.981274 0.981275 0.939658 0.912340 0.912334 7.000000      0   0   1
106     14.480485 18.525800 21.611769        7 105 107 423 428 511 517   1   0.939658 1.023988 0.983940 1.036194 0.983934 1.036196 7.000000      0   0   1
107     14.864009 17.904665 22.329858        7 106 108 419 423 506 511   1   1.023988 1.072043 1.040378 1.068729 1.040371 1.068732 7.000000      0   0   1
108     15.406103 17.325512 23.050963        7 107 109 416 419 502 506   1   1.072043 1.072043 1.070708 1.070708 1.070699 1.070710 7.000000      0   0   1
109     16.079399 16.832542 23.723964        7 108 110 414 416 499 502   1   1.072043 1.023988 1.068732 1.040381 1.068722 1.040381 7.000000      0   0   1
110     16.830461 16.452833 24.307298        7 109 111 413 414 497 499   1   1.023988 0.939659 1.036198 0.983944 1.036188 0.983942 7.000000      0   0   1
111     17.598485 16.189880 24.780534        7   8  98 110 160 413 497   1   0.836219 0.981268 0.939659 0.981277 0.912345 0.912341 7.000000      0   0   1
112     23.725329 21.378461 27.436563        7   9 113 125 168 391 476   1   0.836219 0.939655 0.981275 0.981276 0.912325 0.912347 7.000000      0   0   1
113     23.745174 22.308631 27.304879        7 112 114 390 391 476 477   1   0.939655 1.023980 0.983920 1.036198 1.036195 0.983947 7.000000      0   0   1
114     23.710477 23.295001 27.032105        7 113 115 389 390 477 479   1   1.023980 1.072030 1.040352 1.068734 1.068729 1.040385 7.000001      0   0   1
115     23.612022 24.274775 26.608313        7 114 116 388 389 479 482   1   1.072030 1.072027 1.070678 1.070710 1.070705 1.070714 6.999999      0   0   1
116     23.452306 25.177740 26.052988        7 115 117 387 388 482 486   1   1.072027 1.023971 1.068700 1.040379 1.040376 1.068735 7.000000      0   0   1
117     23.245996 25.948944 25.411741        7 116 118 386 387 486 491   1   1.023971 0.939642 1.036167 0.983939 0.983938 1.036200 7.000000      0   0   1
118     23.014300 26.563739 24.739973        7   5  62 117 133 386 491   1   0.836205 0.981274 0.939642 0.981250 0.912335 0.912338 7.000000      0   0   1
119     17.525152 22.958084 26.752507        7   4  56 104 120 407 496   1   0.836219 0.981277 0.981268 0.939659 0.912340 0.912338 7.000000      0   0   1
120     18.291308 22.694357 27.228334        7 119 121 402 407 490 496   1   0.939659 1.023988 0.983940 1.036188 0.983938 1.036196 7.000000      0   0   1
121     19.181433 22.372325 27.618878        7 120 122 398 402 485 490   1   1.023988 1.072043 1.040377 1.068723 1.040376 1.068733 7.000000      0   0   1
122     20.154784 22.003806 27.875898        7 121 123 395 398 481 485   1   1.072043 1.072043 1.070706 1.070699 1.070705 1.070712 7.000000      0   0   1
123     21.147958 21.611743 27.971648        7 122 124 393 395 478 481   1   1.072043 1.023988 1.068729 1.040371 1.068729 1.040384 7.000000      0   0   1
124     22.093616 21.223758 27.910422        7 123 125 392 393 476 478   1   1.023988 0.939658 1.036194 0.983933 1.036195 0.983946 7.000000      0   0   1
125     22.941169 20.863361 27.724076        7   9 112 124 167 392 476   1   0.836218 0.981275 0.939658 0.981274 0.912334 0.912347 7.000000      0   0   1
126     27.748826 22.857382 21.058983        7  10 127 139 175 370 455   1   0.836218 0.939658 0.981275 0.981274 0.912335 0.912346 7.000000      0   0   1
127     27.519515 23.474200 20.388231        7 126 128 369 370 455 456   1   0.939658 1.023988 0.983936 1.036196 1.036195 0.983946 7.000000      0   0   1
128     27.135991 24.095335 19.670142        7 127 129 368 369 456 458   1   1.023988 1.072043 1.040375 1.068732 1.068729 1.040384 7.000000      0   0   1
129     26.593897 24.674488 18.949037        7 128 130 367 368 458 461   1   1.072043 1.072043 1.070703 1.070709 1.070706 1.070711 7.000000      0   0   1
130     25.920601 25.167458 18.276036        7 129 131 366 367 461 465   1   1.072043 1.023988 1.068726 1.040380 1.040376 1.068733 7.000000      0   0   1
131     25.169539 25.547167 17.692702        7 130 132 365 366 465 470   1   1.023988 0.939659 1.036190 0.983942 0.983938 1.036196 7.000000      0   0   1
132     24.401515 25.810120 17.219466        7   6  76 131 147 365 470   1   0.836219 0.981277 0.939659 0.981268 0.912342 0.912338 7.000000      0   0   1
133     23.572154 26.795114 23.966593        7   5  70 118 134 386 475   1   0.836206 0.981274 0.981250 0.939642 0.912338 0.912338 7.000000      0   0   1
134     24.420918 26.436254 23.782889        7 133 135 381 386 469 475   1   0.939642 1.023971 0.983937 1.036173 0.983938 1.036200 7.000000      0   0   1
135     25.275288 25.933839 23.525698        7 134 136 377 381 464 469   1   1.023971 1.072027 1.040374 1.068707 1.040376 1.068736 7.000000      0   0   1
136     26.071511 25.294871 23.198603        7 135 137 374 377 460 464   1   1.072027 1.072030 1.070703 1.070684 1.070706 1.070714 6.999999      0   0   1
137     26.748790 24.555169 22.819942        7 136 138 372 374 457 460   1   1.072030 1.023980 1.068727 1.040358 1.068729 1.040385 7.000000      0   0   1
138     27.269959 23.770569 22.418296        7 137 139 371 372 455 457   1   1.023980 0.939655 1.036195 0.983923 1.036195 0.983947 7.000000      0   0   1
139     27.630336 22.998099 22.022860        7  10 126 138 174 371 455   1   0.836219 0.981275 0.939655 0.981276 0.912327 0.912347 7.000000      0   0   1
140     24.474848 19.041916 15.247493        7  11 141 153 182 349 434   1   0.836219 0.939659 0.981268 0.981277 0.912346 0.912341 7.000000      0   0   1
141     23.708692 19.305643 14.771666        7 140 142 348 349 434 435   1   0.939659 1.023988 0.983946 1.036200 1.036188 0.983942 7.000000      0   0   1
142     22.818567 19.627675 14.381122        7 141 143 347 348 435 437   1   1.023988 1.072043 1.040384 1.068737 1.068723 1.040381 7.000000      0   0   1
143     21.845216 19.996194 14.124102        7 142 144 346 347 437 440   1   1.072043 1.072043 1.070712 1.070716 1.070700 1.070710 7.000000      0   0   1
144     20.852042 20.388257 14.028352        7 143 145 345 346 440 444   1   1.072043 1.023988 1.068733 1.040387 1.040371 1.068732 7.000000      0   0   1
145     19.906384 20.776242 14.089578        7 144 146 344 345 444 449   1   1.023988 0.939658 1.036197 0.983949 0.983934 1.036196 7.000000      0   0   1
146     19.058831 21.136639 14.275924        7   7  83  91 145 344 449   1   0.836218 0.981274 0.981275 0.939658 0.912347 0.912334 7.000000      0   0   1
147     24.035362 25.351057 16.433286        7   6  77 132 148 365 454   1   0.836213 0.981283 0.981268 0.939650 0.912346 0.912335 7.000000      0   0   1
148     24.398367 24.580316 16.036892        7 147 149 360 365 448 454   1   0.939650 1.023977 0.983946 1.036186 0.983934 1.036204 7.000000      0   0   1
149     24.724070 23.667319 15.706917        7 148 150 356 360 443 448   1   1.023977 1.072031 1.040384 1.068719 1.040371 1.068740 7.000001      0   0   1
150     24.979592 22.650573 15.482895        7 149 151 353 356 439 443   1   1.072031 1.072031 1.070713 1.070696 1.070699 1.070717 7.000000      0   0   1
151     25.141778 21.595115 15.388270        7 150 152 351 353 436 439   1   1.072031 1.023977 1.068737 1.040367 1.068723 1.040388 7.000000      0   0   1
152     25.206014 20.573672 15.420780        7 151 153 350 351 434 436   1   1.023977 0.939650 1.036203 0.983931 1.036188 0.983950 7.000000      0   0   1
153     25.185777 19.643978 15.555694        7  11 140 152 181 350 434   1   0.836213 0.981268 0.939650 0.981283 0.912334 0.912348 7.000000      0   0   1
154     18.985727 14.712769 18.673320        7  12  84 155 196 328 433   1   0.836204 0.981274 0.939640 0.981260 0.912339 0.912339 7.000000      0   0   1
155     18.754061 14.527278 19.564862        7 154 156 327 328 427 433   1   0.939640 1.023968 0.983942 1.036176 0.983940 1.036199 7.000000      0   0   1
156     18.547781 14.457998 20.565442        7 155 157 326 327 422 427   1   1.023968 1.072024 1.040382 1.068710 1.040378 1.068735 7.000000      0   0   1
157     18.388095 14.535463 21.622671        7 156 158 325 326 418 422   1   1.072024 1.072027 1.070712 1.070688 1.070708 1.070713 7.000000      0   0   1
158     18.289667 14.764547 22.665300        7 157 159 324 325 415 418   1   1.072027 1.023977 1.068735 1.040363 1.068732 1.040385 7.000001      0   0   1
159     18.254992 15.119998 23.624977        7 158 160 323 324 413 415   1   1.023977 0.939653 1.036199 0.983931 1.036198 0.983948 7.000000      0   0   1
160     18.274854 15.557048 24.456566        7   8 111 159 195 323 413   1   0.836218 0.981277 0.939653 0.981276 0.912337 0.912347 7.000000      0   0   1
161     18.867309 16.299828 25.728638        7   8  98 162 195 307 412   1   0.836209 0.981283 0.939643 0.981268 0.912340 0.912340 7.000000      0   0   1
162     19.502787 16.684396 26.304141        7 161 163 306 307 406 412   1   0.939643 1.023968 0.983937 1.036188 0.983939 1.036203 7.000000      0   0   1
163     20.225711 17.191823 26.822222        7 162 164 305 306 401 406   1   1.023968 1.072019 1.040372 1.068723 1.040377 1.068736 7.000000      0   0   1
164     21.000116 17.810228 27.230999        7 163 165 304 305 397 401   1   1.072019 1.072019 1.070699 1.070700 1.070706 1.070713 7.000000      0   0   1
165     21.774517 18.503444 27.493638        7 164 166 303 304 394 397   1   1.072019 1.023967 1.068720 1.040374 1.068729 1.040384 7.000000      0   0   1
166     22.497434 19.220440 27.602337        7 165 167 302 303 392 394   1   1.023967 0.939642 1.036186 0.983938 1.036195 0.983946 7.000000      0   0   1
167     23.132900 19.912183 27.577796        7   9 125 166 209 302 392   1   0.836208 0.981274 0.939642 0.981267 0.912340 0.912346 7.000000      0   0   1
168     24.401685 20.745619 27.112596        7   9 112 169 209 286 391   1   0.836203 0.981276 0.939635 0.981267 0.912339 0.912338 7.000000      0   0   1
169     25.169676 20.975774 26.622563        7 168 170 285 286 385 391   1   0.939635 1.023957 0.983934 1.036185 0.983937 1.036191 7.000000      0   0   1
170     25.920700 21.226975 25.973449        7 169 171 284 285 380 385   1   1.023957 1.072008 1.040369 1.068718 1.040374 1.068724 7.000000      0   0   1
171     26.593959 21.484691 25.180035        7 170 172 283 284 376 380   1   1.072008 1.072008 1.070695 1.070695 1.070703 1.070702 7.000000      0   0   1
172     27.136022 21.731041 24.288587        7 171 173 282 283 373 376   1   1.072008 1.023957 1.068717 1.040369 1.068728 1.040375 7.000000      0   0   1
173     27.519528 21.950397 23.364848        7 172 174 281 282 371 373   1   1.023957 0.939635 1.036185 0.983934 1.036195 0.983941 7.000000      0   0   1
174     27.748829 22.133878 22.472285        7  10 139 173 216 281 371   1   0.836203 0.981276 0.939635 0.981267 0.912339 0.912344 7.000000      0   0   1
175     27.940546 21.906199 20.912717        7  10 126 176 216 265 370   1   0.836208 0.981274 0.939642 0.981267 0.912340 0.912346 7.000000      0   0   1
176     27.923309 21.470873 20.080179        7 175 177 264 265 364 370   1   0.939642 1.023967 0.983937 1.036187 0.983946 1.036193 7.000000      0   0   1
177     27.762516 20.987022 19.192180        7 176 178 263 264 359 364   1   1.023967 1.072019 1.040372 1.068720 1.040384 1.068726 7.000000      0   0   1
178     27.439189 20.480894 18.304194        7 177 179 262 263 355 359   1   1.072019 1.072019 1.070700 1.070698 1.070713 1.070702 7.000000      0   0   1
179     26.964841 19.986940 17.479434        7 178 180 261 262 352 355   1   1.072019 1.023967 1.068722 1.040372 1.068737 1.040373 7.000000      0   0   1
180     26.380989 19.537194 16.768551        7 179 181 260 261 350 352   1   1.023967 0.939643 1.036188 0.983937 1.036203 0.983937 7.000000      0   0   1
181     25.743657 19.151857 16.195618        7  11 153 180 223 260 350   1   0.836209 0.981283 0.939643 0.981268 0.912340 0.912339 7.000000      0   0   1
182     24.593342 18.177700 15.696934        7  11 140 183 223 244 349   1   0.836218 0.981277 0.939653 0.981276 0.912338 0.912346 7.000000      0   0   1
183     23.958262 17.485482 15.718253        7 182 184 243 244 343 349   1   0.939653 1.023977 0.983931 1.036200 0.983945 1.036196 7.000000      0   0   1
184     23.205800 16.803559 15.849821        7 183 185 242 243 338 343   1   1.023977 1.072027 1.040363 1.068735 1.040381 1.068727 7.000001      0   0   1
185     22.367662 16.186026 16.105599        7 184 186 241 242 334 338   1   1.072027 1.072023 1.070688 1.070713 1.070709 1.070701 7.000000      0   0   1
186     21.497452 15.681401 16.476168        7 185 187 240 241 331 334   1   1.072023 1.023968 1.068710 1.040382 1.068730 1.040369 7.000000      0   0   1
187     20.655139 15.315767 16.929303        7 186 188 239 240 329 331   1   1.023968 0.939640 1.036177 0.983942 1.036195 0.983931 7.000000      0   0   1
188     19.888360 15.087145 17.421954        7  12  97 187 196 239 329   1   0.836203 0.981274 0.939640 0.981260 0.912340 0.912331 7.000000      0   0   1
189     24.474888 15.188432 22.775060        7  13 190 202 203 287 308   1   0.836198 0.939632 0.981264 0.981256 0.912324 0.912333 7.000000      0   0   1
190     23.708762 14.956633 23.267228        7 189 191 287 289 308 309   1   0.939632 1.023958 1.036175 0.983922 1.036183 0.983931 7.000000      0   0   1
191     22.818672 14.828103 23.756830        7 190 192 289 292 309 311   1   1.023958 1.072013 1.068709 1.040359 1.068717 1.040367 7.000000      0   0   1
192     21.845358 14.835065 24.206078        7 191 193 292 296 311 314   1   1.072013 1.072017 1.070688 1.070689 1.070695 1.070697 7.000000      0   0   1
193     20.852214 14.986615 24.580134        7 192 194 296 301 314 318   1   1.072017 1.023969 1.040362 1.068715 1.040368 1.068721 7.000000      0   0   1
194     19.906574 15.263123 24.859101        7 193 195 301 307 318 323   1   1.023969 0.939648 0.983929 1.036185 0.983933 1.036190 7.000000      0   0   1
195     19.059029 15.625004 25.042530        7   8 160 161 194 307 323   1   0.836215 0.981276 0.981268 0.939648 0.912333 0.912336 7.000000      0   0   1
196     19.888370 14.640007 18.295418        7  12 154 188 197 239 328   1   0.836210 0.981260 0.981260 0.939644 0.912336 0.912336 7.000000      0   0   1
197     20.655157 14.374031 18.768942        7 196 198 234 239 322 328   1   0.939644 1.023969 0.983934 1.036181 0.983934 1.036181 7.000000      0   0   1
198     21.497476 14.220228 19.330509        7 197 199 230 234 317 322   1   1.023969 1.072021 1.040368 1.068712 1.040368 1.068712 7.000000      0   0   1
199     22.367690 14.214675 19.956549        7 198 200 227 230 313 317   1   1.072021 1.072021 1.070695 1.070687 1.070695 1.070687 7.000000      0   0   1
200     23.205826 14.368263 20.607062        7 199 201 225 227 310 313   1   1.072021 1.023968 1.068718 1.040358 1.068718 1.040358 7.000000      0   0   1
201     23.958285 14.660260 21.237184        7 200 202 224 225 308 310   1   1.023968 0.939643 1.036183 0.983921 1.036183 0.983921 7.000001      0   0   1
202     24.593362 15.047714 21.811192        7  13 189 201 217 224 308   1   0.836208 0.981264 0.939643 0.981264 0.912323 0.912323 7.000000      0   0   1
203     25.185812 15.790486 23.083250        7  13 189 204 210 266 287   1   0.836199 0.981256 0.939633 0.981248 0.912324 0.912323 7.000000      0   0   1
204     25.206071 16.224643 23.916321        7 203 205 266 268 287 288   1   0.939633 1.023959 1.036167 0.983922 1.036175 0.983921 7.000000      0   0   1
205     25.141863 16.795518 24.763948        7 204 206 268 271 288 290   1   1.023959 1.072014 1.068701 1.040360 1.068709 1.040358 7.000000      0   0   1
206     24.979706 17.489416 25.564837        7 205 207 271 275 290 293   1   1.072014 1.072018 1.070680 1.070690 1.070688 1.070689 7.000000      0   0   1
207     24.724211 18.265652 26.258669        7 206 208 275 280 293 297   1   1.072018 1.023969 1.040355 1.068716 1.040363 1.068715 7.000000      0   0   1
208     24.398532 19.067179 26.806391        7 207 209 280 286 297 302   1   1.023969 0.939647 0.983922 1.036185 0.983929 1.036184 7.000000      0   0   1
209     24.035545 19.839413 27.199879        7   9 167 168 208 286 302   1   0.836215 0.981267 0.981267 0.939647 0.912327 0.912333 7.000000      0   0   1
210     25.743665 16.021860 22.309872        7  13 203 211 217 245 266   1   0.836199 0.981248 0.939633 0.981256 0.912323 0.912324 7.000000      0   0   1
211     26.380989 16.711952 22.287474        7 210 212 245 247 266 267   1   0.939633 1.023959 1.036175 0.983921 1.036167 0.983923 7.000000      0   0   1
212     26.964837 17.551613 22.236668        7 211 213 247 250 267 269   1   1.023959 1.072014 1.068709 1.040358 1.068701 1.040360 7.000000      0   0   1
213     27.439184 18.509508 22.155141        7 212 214 250 254 269 272   1   1.072014 1.072018 1.070688 1.070689 1.070680 1.070690 7.000000      0   0   1
214     27.762512 19.525816 22.046521        7 213 215 254 259 272 276   1   1.072018 1.023969 1.040363 1.068715 1.040355 1.068716 7.000000      0   0   1
215     27.923308 20.529113 21.919821        7 214 216 259 265 276 281   1   1.023969 0.939647 0.983929 1.036184 0.983922 1.036185 7.000000      0   0   1
216     27.940547 21.459049 21.786183        7  10 174 175 215 265 281   1   0.836215 0.981267 0.981267 0.939647 0.912333 0.912327 7.000000      0   0   1
217     25.377520 15.562807 21.523697        7  13 202 210 218 224 245   1   0.836198 0.981264 0.981256 0.939632 0.912333 0.912324 7.000000      0   0   1
218     25.609835 15.745121 20.631676        7 217 219 224 226 245 246   1   0.939632 1.023958 1.036183 0.983931 1.036175 0.983922 7.000000      0   0   1
219     25.768333 16.051502 19.667571        7 218 220 226 229 246 248   1   1.023958 1.072013 1.068717 1.040367 1.068709 1.040359 7.000000      0   0   1
220     25.824913 16.485622 18.689025        7 219 221 229 233 248 251   1   1.072013 1.072017 1.070695 1.070697 1.070688 1.070689 7.000000      0   0   1
221     25.768332 17.025621 17.764677        7 220 222 233 238 251 255   1   1.072017 1.023969 1.040368 1.068721 1.040363 1.068715 7.000000      0   0   1
222     25.609832 17.628602 16.952393        7 221 223 238 244 255 260   1   1.023969 0.939648 0.983933 1.036190 0.983929 1.036185 7.000000      0   0   1
223     25.377511 18.245654 16.282907        7  11 181 182 222 244 260   1   0.836215 0.981268 0.981276 0.939648 0.912336 0.912333 7.000000      0   0   1
224     24.825977 15.138472 20.933704        7 201 202 217 218 225 226   1   1.036183 0.912323 0.912333 1.036183 1.018334 1.018325 7.000000      0   0   1
225     24.133938 14.782648 20.276836        7 200 201 224 226 227 228   1   1.068718 0.983921 1.018334 1.094700 1.094527 1.083398 7.000000      0   0   1
226     25.008748 15.357286 19.956104        7 218 219 224 225 228 229   1   0.983931 1.068717 1.018325 1.094700 1.083408 1.094519 7.000000      0   0   1
227     23.316488 14.547045 19.588173        7 199 200 225 228 230 231   1   1.070695 1.040358 1.094527 1.126147 1.122499 1.122293 6.999999      0   0   1
228     24.255643 15.059397 19.236475        7 225 226 227 229 231 232   1   1.083398 1.083408 1.126147 1.126147 1.141012 1.141005 7.000000      0   0   1
229     25.110536 15.725502 18.930420        7 219 220 226 228 232 233   1   1.040367 1.070695 1.094519 1.126147 1.122301 1.122494 7.000000      0   0   1
230     22.419460 14.469313 18.917872        7 198 199 227 231 234 235   1   1.040368 1.070687 1.122499 1.122301 1.094529 1.126143 7.000000      0   0   1
231     23.378453 14.899602 18.524498        7 227 228 230 232 235 236   1   1.122293 1.141012 1.122301 1.152527 1.141013 1.152523 7.000000      0   0   1
232     24.299474 15.504593 18.186822        7 228 229 231 233 236 237   1   1.141005 1.122301 1.152527 1.122301 1.152529 1.141010 7.000000      0   0   1
233     25.110536 16.236998 17.931238        7 220 221 229 232 237 238   1   1.070697 1.040368 1.122494 1.122301 1.126151 1.094527 7.000000      0   0   1
234     21.509494 14.555226 18.315730        7 197 198 230 235 239 240   1   0.983934 1.068712 1.094529 1.083410 1.018338 1.094699 7.000000      0   0   1
235     22.438067 14.901893 17.878292        7 230 231 234 236 240 241   1   1.126143 1.141013 1.083410 1.141013 1.083412 1.126147 7.000000      0   0   1
236     23.378451 15.424781 17.498585        7 231 232 235 237 241 242   1   1.152523 1.152529 1.141013 1.141013 1.122304 1.122301 7.000000      0   0   1
237     24.255641 16.095801 17.211909        7 232 233 236 238 242 243   1   1.141010 1.126151 1.141013 1.083410 1.126152 1.083411 7.000000      0   0   1
238     25.008746 16.853775 17.032787        7 221 222 233 237 243 244   1   1.068721 0.983933 1.094527 1.083410 1.094706 1.018338 7.000000      0   0   1
239     20.651334 14.776719 17.814218        7 187 188 196 197 234 240   1   1.036177 0.912340 0.912336 1.036181 1.018338 1.018338 7.000000      0   0   1
240     21.509491 15.054056 17.341288        7 186 187 234 235 239 241   1   1.068710 0.983942 1.094699 1.083412 1.018338 1.094531 7.000001      0   0   1
241     22.419455 15.492306 16.919504        7 185 186 235 236 240 242   1   1.070688 1.040382 1.126147 1.122304 1.094531 1.122502 7.000000      0   0   1
242     23.316482 16.081535 16.590623        7 184 185 236 237 241 243   1   1.040363 1.070713 1.122301 1.126152 1.122502 1.094531 7.000000      0   0   1
243     24.133932 16.777970 16.379076        7 183 184 237 238 242 244   1   0.983931 1.068735 1.083411 1.094706 1.094531 1.018338 7.000000      0   0   1
244     24.825970 17.518908 16.283651        7 182 183 222 223 238 243   1   0.912338 1.036200 1.036190 0.912336 1.018338 1.018338 7.000000      0   0   1
245     26.050747 16.175682 21.464666        7 210 211 217 218 246 247   1   0.912323 1.036175 0.912324 1.036175 1.018324 1.018325 7.000000      0   0   1
246     26.292028 16.444046 20.512433        7 218 219 245 247 248 249   1   0.983922 1.068709 1.018324 1.094692 1.094519 1.083399 7.000000      0   0   1
247     26.700500 16.956166 21.389492        7 211 212 245 246 249 250   1   0.983921 1.068709 1.018325 1.094692 1.083398 1.094519 7.000000      0   0   1
248     26.426402 16.839857 19.500875        7 219 220 246 249 251 252   1   1.040359 1.070688 1.094519 1.126139 1.122493 1.122294 7.000000      0   0   1
249     26.921880 17.317326 20.392343        7 246 247 248 250 252 253   1   1.083399 1.083398 1.126139 1.126138 1.141005 1.141005 7.000000      0   0   1
250     27.264091 17.890107 21.299537        7 212 213 247 249 253 254   1   1.040358 1.070688 1.094519 1.126138 1.122294 1.122494 7.000000      0   0   1
251     26.426403 17.351354 18.501694        7 220 221 248 252 255 256   1   1.070689 1.040363 1.122493 1.122293 1.094527 1.126144 7.000000      0   0   1
252     27.001611 17.792925 19.358253        7 248 249 251 253 256 257   1   1.122294 1.141005 1.122293 1.152519 1.141009 1.152523 7.000000      0   0   1
253     27.431661 18.332098 20.281644        7 249 250 252 254 257 258   1   1.141005 1.122294 1.152519 1.122293 1.152523 1.141009 7.000000      0   0   1
254     27.682940 18.926731 21.199692        7 213 214 250 253 258 259   1   1.070689 1.040363 1.122494 1.122293 1.126144 1.094527 7.000000      0   0   1
255     26.292029 17.940538 17.589118        7 221 222 251 256 260 261   1   1.068715 0.983929 1.094527 1.083404 1.018338 1.094702 7.000000      0   0   1
256     26.921884 18.353735 18.367781        7 251 252 255 257 261 262   1   1.126144 1.141009 1.083404 1.141006 1.083410 1.126149 7.000000      0   0   1
257     27.431663 18.857281 19.255733        7 252 253 256 258 262 263   1   1.152523 1.152523 1.141006 1.141006 1.122301 1.122302 7.000000      0   0   1
258     27.770558 19.417757 20.190030        7 253 254 257 259 263 264   1   1.141009 1.126144 1.141006 1.083404 1.126148 1.083411 7.000000      0   0   1
259     27.925926 19.989030 21.097374        7 214 215 254 258 264 265   1   1.068715 0.983929 1.094527 1.083404 1.094701 1.018339 7.000000      0   0   1
260     26.050745 18.556122 16.814617        7 180 181 222 223 255 261   1   1.036188 0.912340 1.036185 0.912333 1.018338 1.018333 7.000000      0   0   1
261     26.700504 18.951497 17.491739        7 179 180 255 256 260 262   1   1.068722 0.983937 1.094702 1.083410 1.018333 1.094525 7.000000      0   0   1
262     27.264097 19.424610 18.301993        7 178 179 256 257 261 263   1   1.070700 1.040372 1.126149 1.122301 1.094525 1.122496 7.000000      0   0   1
263     27.682943 19.949737 19.201329        7 177 178 257 258 262 264   1   1.040372 1.070698 1.122302 1.126148 1.122496 1.094525 7.000000      0   0   1
264     27.925928 20.487869 20.122935        7 176 177 258 259 263 265   1   0.983937 1.068720 1.083411 1.094701 1.094525 1.018333 7.000000      0   0   1
265     28.000001 20.999992 21.000001        7 175 176 215 216 259 264   1   0.912340 1.036187 1.036184 0.912333 1.018339 1.018333 7.000001      0   0   1
266     25.846628 16.418100 23.125180        7 203 204 210 211 267 268   1   0.912324 1.036167 0.912324 1.036167 1.018325 1.018325 7.000000      0   0   1
267     26.486628 17.210165 23.129334        7 211 212 266 268 269 270   1   0.983923 1.068701 1.018325 1.094683 1.094519 1.083399 7.000000      0   0   1
268     25.864287 16.952043 23.992116        7 204 205 266 267 270 271   1   0.983922 1.068701 1.018325 1.094683 1.083399 1.094519 7.000000      0   0   1
269     27.044787 18.150557 23.083559        7 212 213 267 270 272 273   1   1.040360 1.070680 1.094519 1.126129 1.122493 1.122293 7.000000      0   0   1
270     26.477524 17.845053 24.007165        7 267 268 269 271 273 274   1   1.083399 1.083399 1.126129 1.126129 1.141004 1.141004 7.000000      0   0   1
271     25.768497 17.621204 24.852942        7 205 206 268 270 274 275   1   1.040360 1.070680 1.094519 1.126129 1.122293 1.122493 7.000000      0   0   1
272     27.463633 19.187181 22.983717        7 213 214 269 273 276 277   1   1.070690 1.040355 1.122493 1.122284 1.094526 1.126143 7.000000      0   0   1
273     26.981319 18.866931 23.945140        7 269 270 272 274 277 278   1   1.122293 1.141004 1.122284 1.152508 1.141007 1.152522 7.000000      0   0   1
274     26.326102 18.595174 24.853498        7 270 271 273 275 278 279   1   1.141004 1.122293 1.152508 1.122284 1.152521 1.141007 7.000000      0   0   1
275     25.549196 18.393150 25.637796        7 206 207 271 274 279 280   1   1.070690 1.040355 1.122493 1.122284 1.126143 1.094526 7.000000      0   0   1
276     27.712050 20.243030 22.837224        7 214 215 272 277 281 282   1   1.068716 0.983922 1.094526 1.083395 1.018337 1.094700 7.000001      0   0   1
277     27.326195 19.945486 23.804864        7 272 273 276 278 282 283   1   1.126143 1.141007 1.083395 1.140995 1.083408 1.126145 7.000000      0   0   1
278     26.756149 19.659532 24.750986        7 273 274 277 279 283 284   1   1.152522 1.152521 1.140995 1.140995 1.122299 1.122298 7.000000      0   0   1
279     26.033169 19.409192 25.597450        7 274 275 278 280 284 285   1   1.141007 1.126143 1.140995 1.083394 1.126145 1.083408 7.000000      0   0   1
280     25.222671 19.210537 26.288371        7 207 208 275 279 285 286   1   1.068716 0.983922 1.094526 1.083394 1.094700 1.018337 7.000000      0   0   1
281     27.795873 21.242411 22.660527        7 173 174 215 216 276 282   1   1.036185 0.912339 1.036185 0.912327 1.018337 1.018324 7.000001      0   0   1
282     27.498173 20.995868 23.602639        7 172 173 276 277 281 283   1   1.068717 0.983934 1.094700 1.083408 1.018324 1.094514 7.000000      0   0   1
283     27.025023 20.731086 24.553418        7 171 172 277 278 282 284   1   1.070695 1.040369 1.126145 1.122299 1.094514 1.122484 7.000000      0   0   1
284     26.386876 20.466408 25.438112        7 170 171 278 279 283 285   1   1.040369 1.070695 1.122298 1.126145 1.122484 1.094514 7.000000      0   0   1
285     25.631139 20.221498 26.191001        7 169 170 279 280 284 286   1   0.983934 1.068718 1.083408 1.094700 1.094514 1.018324 7.000000      0   0   1
286     24.826022 20.010637 26.777779        7 168 169 208 209 280 285   1   0.912339 1.036185 1.036185 0.912327 1.018337 1.018324 7.000001      0   0   1
287     24.495715 15.530718 23.620484        7 189 190 203 204 288 289   1   0.912324 1.036175 0.912323 1.036175 1.018325 1.018324 7.000000      0   0   1
288     24.448838 16.022268 24.511083        7 204 205 287 289 290 291   1   0.983921 1.068709 1.018325 1.094692 1.094519 1.083398 7.000000      0   0   1
289     23.655728 15.350616 24.167265        7 190 191 287 288 291 292   1   0.983922 1.068709 1.018324 1.094692 1.083398 1.094519 7.000000      0   0   1
290     24.317106 16.667817 25.385088        7 205 206 288 291 293 294   1   1.040358 1.070688 1.094519 1.126139 1.122494 1.122293 7.000000      0   0   1
291     23.536683 15.913284 25.085408        7 288 289 290 292 294 295   1   1.083398 1.083398 1.126139 1.126139 1.141005 1.141004 7.000000      0   0   1
292     22.690608 15.290402 24.679991        7 191 192 289 291 295 296   1   1.040359 1.070688 1.094519 1.126139 1.122293 1.122493 7.000000      0   0   1
293     24.097802 17.439762 26.169945        7 206 207 290 294 297 298   1   1.070689 1.040363 1.122494 1.122294 1.094527 1.126144 7.000000      0   0   1
294     23.345664 16.637392 25.946262        7 290 291 293 295 298 299   1   1.122293 1.141005 1.122294 1.152519 1.141009 1.152523 7.000000      0   0   1
295     22.510659 15.930260 25.584282        7 291 292 294 296 299 300   1   1.141004 1.122293 1.152519 1.122293 1.152523 1.141009 7.000000      0   0   1
296     21.658050 15.373635 25.112297        7 192 193 292 295 300 301   1   1.070689 1.040362 1.122493 1.122293 1.126144 1.094527 7.000000      0   0   1
297     23.807217 18.280756 26.807344        7 207 208 293 298 302 303   1   1.068715 0.983929 1.094527 1.083404 1.018339 1.094701 7.000000      0   0   1
298     23.092321 17.477415 26.675702        7 293 294 297 299 303 304   1   1.126144 1.141009 1.083404 1.141006 1.083411 1.126147 7.000000      0   0   1
299     22.285484 16.722855 26.390135        7 294 295 298 300 304 305   1   1.152523 1.152523 1.141006 1.141006 1.122302 1.122301 7.000000      0   0   1
300     21.444493 16.081936 25.961358        7 295 296 299 301 305 306   1   1.141009 1.126144 1.141006 1.083404 1.126148 1.083410 7.000000      0   0   1
301     20.634762 15.594134 25.432066        7 193 194 296 300 306 307   1   1.068715 0.983929 1.094527 1.083404 1.094702 1.018338 7.000000      0   0   1
302     23.475101 19.123248 27.273092        7 166 167 208 209 297 303   1   1.036186 0.912340 1.036184 0.912333 1.018339 1.018333 7.000001      0   0   1
303     22.800226 18.361935 27.228948        7 165 166 297 298 302 304   1   1.068720 0.983938 1.094701 1.083411 1.018333 1.094525 7.000000      0   0   1
304     22.032684 17.606238 27.034563        7 164 165 298 299 303 305   1   1.070699 1.040374 1.126147 1.122302 1.094525 1.122496 7.000000      0   0   1
305     21.219430 16.917527 26.682013        7 163 164 299 300 304 306   1   1.040372 1.070700 1.122301 1.126148 1.122496 1.094525 7.000000      0   0   1
306     20.420882 16.346965 26.197488        7 162 163 300 301 305 307   1   0.983937 1.068723 1.083410 1.094702 1.094525 1.018333 7.000000      0   0   1
307     19.690332 15.918081 25.632372        7 161 162 194 195 301 306   1   0.912340 1.036188 1.036185 0.912333 1.018338 1.018333 7.000000      0   0   1
308     23.864912 14.739861 22.266077        7 189 190 201 202 309 310   1   0.912333 1.036183 1.036183 0.912323 1.018325 1.018334 7.000000      0   0   1
309     22.994789 14.521978 22.748155        7 190 191 308 310 311 312   1   0.983931 1.068717 1.018325 1.094700 1.094519 1.083408 7.000000      0   0   1
310     23.126959 14.364994 21.672861        7 200 201 308 309 312 313   1   1.068718 0.983921 1.018334 1.094700 1.083399 1.094527 7.000000      0   0   1
311     22.012885 14.440722 23.224846        7 191 192 309 312 314 315   1   1.040367 1.070695 1.094519 1.126147 1.122494 1.122301 7.000000      0   0   1
312     22.163468 14.191648 22.136960        7 309 310 311 313 315 316   1   1.083408 1.083399 1.126147 1.126147 1.141005 1.141012 7.000000      0   0   1
313     22.283937 14.118786 21.019648        7 199 200 310 312 316 317   1   1.070695 1.040358 1.094527 1.126147 1.122293 1.122499 6.999999      0   0   1
314     20.980326 14.523955 23.657150        7 192 193 311 315 318 319   1   1.070697 1.040368 1.122494 1.122301 1.094527 1.126151 7.000000      0   0   1
315     21.118952 14.185442 22.596136        7 311 312 314 316 319 320   1   1.122301 1.141005 1.122301 1.152527 1.141009 1.152529 7.000000      0   0   1
316     21.258105 14.020168 21.464040        7 312 313 315 317 320 321   1   1.141012 1.122293 1.152527 1.122301 1.152523 1.141013 7.000000      0   0   1
317     21.386907 14.041052 20.349350        7 198 199 313 316 321 322   1   1.040368 1.070687 1.122499 1.122301 1.126143 1.094529 7.000000      0   0   1
318     19.973820 14.765493 24.012952        7 193 194 314 319 323 324   1   1.068721 0.983933 1.094527 1.083410 1.018339 1.094706 7.000000      0   0   1
319     20.071273 14.360295 23.012905        7 314 315 318 320 324 325   1   1.126151 1.141009 1.083410 1.141013 1.083411 1.126152 7.000000      0   0   1
320     20.197922 14.105627 21.907909        7 315 316 319 321 325 326   1   1.152529 1.152523 1.141013 1.141014 1.122301 1.122304 7.000000      0   0   1
321     20.345883 14.034140 20.778790        7 316 317 320 322 326 327   1   1.141013 1.126143 1.141014 1.083410 1.126148 1.083412 7.000000      0   0   1
322     20.502509 14.137570 19.711763        7 197 198 317 321 327 328   1   0.983934 1.068712 1.094529 1.083410 1.094700 1.018338 7.000000      0   0   1
323     19.059524 15.127221 24.277959        7 159 160 194 195 318 324   1   1.036199 0.912337 1.036190 0.912336 1.018339 1.018337 6.999999      0   0   1
324     19.098996 14.689684 23.359257        7 158 159 318 319 323 325   1   1.068735 0.983931 1.094706 1.083411 1.018337 1.094531 7.000000      0   0   1
325     19.186255 14.368484 22.316560        7 157 158 319 320 324 326   1   1.070712 1.040363 1.126152 1.122301 1.094531 1.122502 7.000000      0   0   1
326     19.321785 14.207517 21.213958        7 156 157 320 321 325 327   1   1.040382 1.070688 1.122304 1.126148 1.122502 1.094532 7.000000      0   0   1
327     19.495517 14.218741 20.133360        7 155 156 321 322 326 328   1   0.983942 1.068710 1.083412 1.094700 1.094532 1.018338 7.000000      0   0   1
328     19.690259 14.378104 19.146602        7 154 155 196 197 322 327   1   0.912339 1.036176 0.912336 1.036181 1.018338 1.018338 7.000001      0   0   1
329     19.690222 15.624517 16.711799        7  96  97 187 188 330 331   1   1.036195 0.912329 1.036195 0.912331 1.018336 1.018333 7.000000      0   0   1
330     19.495447 16.331829 16.005554        7  95  96 329 331 332 333   1   1.068731 0.983929 1.018336 1.094715 1.094533 1.083409 7.000000      0   0   1
331     20.502460 15.942353 16.186201        7 186 187 329 330 333 334   1   1.068730 0.983931 1.018333 1.094715 1.083412 1.094530 7.000000      0   0   1
332     19.321682 17.201888 15.364612        7  94  95 330 333 335 336   1   1.070709 1.040367 1.094533 1.126163 1.122509 1.122306 7.000000      0   0   1
333     20.345800 16.747488 15.478390        7 330 331 332 334 336 337   1   1.083409 1.083412 1.126163 1.126163 1.141022 1.141019 7.000000      0   0   1
334     21.386852 16.403155 15.735082        7 185 186 331 333 337 338   1   1.070709 1.040369 1.094530 1.126163 1.122309 1.122506 7.000000      0   0   1
335     19.186120 18.190487 14.850489        7  93  94 332 336 339 340   1   1.040382 1.070698 1.122509 1.122318 1.094542 1.126157 7.000000      0   0   1
336     20.197807 17.705277 14.876171        7 332 333 335 337 340 341   1   1.122306 1.141022 1.122318 1.152545 1.141026 1.152538 7.000000      0   0   1
337     21.258017 17.295226 15.066361        7 333 334 336 338 341 342   1   1.141019 1.122309 1.152545 1.122318 1.152540 1.141023 7.000000      0   0   1
338     22.283881 16.992384 15.406195        7 184 185 334 337 342 343   1   1.040381 1.070701 1.122506 1.122318 1.126159 1.094539 6.999999      0   0   1
339     19.098835 19.224182 14.501382        7  92  93 335 340 344 345   1   0.983945 1.068725 1.094542 1.083426 1.018350 1.094714 7.000000      0   0   1
340     20.071127 18.750610 14.436660        7 335 336 339 341 345 346   1   1.126157 1.141026 1.083426 1.141032 1.083425 1.126163 7.000000      0   0   1
341     21.118833 18.310272 14.538480        7 336 337 340 342 346 347   1   1.152538 1.152540 1.141032 1.141032 1.122319 1.122316 7.000000      0   0   1
342     22.163382 17.941400 14.811987        7 337 338 341 343 347 348   1   1.141023 1.126159 1.141032 1.083426 1.126165 1.083422 7.000000      0   0   1
343     23.126907 17.666267 15.223972        7 183 184 338 342 348 349   1   0.983945 1.068727 1.094539 1.083426 1.094716 1.018348 7.000001      0   0   1
344     19.059342 20.225316 14.319154        7  91  92 145 146 339 345   1   0.912346 1.036193 1.036197 0.912347 1.018350 1.018352 7.000000      0   0   1
345     19.973649 19.798827 14.180631        7 144 145 339 340 344 346   1   1.068733 0.983949 1.094714 1.083425 1.018352 1.094549 7.000001      0   0   1
346     20.980179 19.368956 14.192702        7 143 144 340 341 345 347   1   1.070712 1.040387 1.126163 1.122319 1.094549 1.122521 7.000000      0   0   1
347     22.012771 18.969585 14.377937        7 142 143 341 342 346 348   1   1.040384 1.070716 1.122316 1.126165 1.122521 1.094549 7.000001      0   0   1
348     22.994711 18.630387 14.722575        7 141 142 342 343 347 349   1   0.983946 1.068737 1.083422 1.094716 1.094549 1.018352 7.000000      0   0   1
349     23.864866 18.366710 15.181209        7 140 141 182 183 343 348   1   0.912346 1.036200 0.912346 1.036196 1.018348 1.018352 7.000000      0   0   1
350     25.846602 20.044969 16.040326        7 152 153 180 181 351 352   1   1.036203 0.912334 1.036203 0.912339 1.018343 1.018335 7.000001      0   0   1
351     25.864239 21.060484 15.966559        7 151 152 350 352 353 354   1   1.068737 0.983931 1.018343 1.094721 1.094538 1.083409 7.000000      0   0   1
352     26.486611 20.511471 16.680458        7 179 180 350 351 354 355   1   1.068737 0.983937 1.018335 1.094721 1.083417 1.094528 7.000000      0   0   1
353     25.768422 22.150104 16.006063        7 150 151 351 354 356 357   1   1.070713 1.040367 1.094538 1.126168 1.122510 1.122302 7.000000      0   0   1
354     26.477486 21.594848 16.682211        7 351 352 353 355 357 358   1   1.083409 1.083417 1.126168 1.126168 1.141023 1.141013 7.000000      0   0   1
355     27.044777 21.024196 17.470114        7 178 179 352 354 358 359   1   1.070713 1.040373 1.094528 1.126168 1.122310 1.122500 7.000000      0   0   1
356     25.549092 23.238189 16.173378        7 149 150 353 357 360 361   1   1.040384 1.070696 1.122510 1.122321 1.094539 1.126151 7.000000      0   0   1
357     26.326038 22.720050 16.795866        7 353 354 356 358 361 362   1   1.122302 1.141023 1.122321 1.152549 1.141024 1.152530 7.000000      0   0   1
358     26.981289 22.142035 17.547473        7 354 355 357 359 362 363   1   1.141013 1.122310 1.152549 1.122321 1.152539 1.141015 7.000000      0   0   1
359     27.463627 21.549325 18.369453        7 177 178 355 358 363 364   1   1.040384 1.070702 1.122500 1.122321 1.126158 1.094529 7.000000      0   0   1
360     25.222540 24.243904 16.456076        7 148 149 356 361 365 366   1   0.983946 1.068719 1.094539 1.083427 1.018345 1.094705 7.000000      0   0   1
361     26.033078 23.799551 17.021226        7 356 357 360 362 366 367   1   1.126151 1.141024 1.083427 1.141034 1.083420 1.126154 7.000000      0   0   1
362     26.756096 23.259229 17.719262        7 357 358 361 363 367 368   1   1.152530 1.152539 1.141034 1.141034 1.122314 1.122306 7.000000      0   0   1
363     27.326172 22.658879 18.504470        7 358 359 362 364 368 369   1   1.141015 1.126158 1.141034 1.083428 1.126161 1.083412 7.000000      0   0   1
364     27.712043 22.047847 19.311663        7 176 177 359 363 369 370   1   0.983946 1.068726 1.094529 1.083428 1.094712 1.018337 6.999999      0   0   1
365     24.825867 25.108757 16.818989        7 131 132 147 148 360 366   1   1.036190 0.912342 0.912346 1.036186 1.018345 1.018352 7.000000      0   0   1
366     25.631022 24.756034 17.333143        7 130 131 360 361 365 367   1   1.068726 0.983942 1.094705 1.083420 1.018352 1.094549 7.000000      0   0   1
367     26.386799 24.288455 17.972055        7 129 130 361 362 366 368   1   1.070703 1.040380 1.126154 1.122314 1.094549 1.122522 7.000000      0   0   1
368     27.024981 23.725499 18.704079        7 128 129 362 363 367 369   1   1.040375 1.070709 1.122306 1.126161 1.122522 1.094550 7.000000      0   0   1
369     27.498156 23.108990 19.474833        7 127 128 363 364 368 370   1   0.983936 1.068732 1.083412 1.094712 1.094550 1.018353 7.000000      0   0   1
370     27.795868 22.488847 20.225721        7 126 127 175 176 364 369   1   0.912335 1.036196 0.912346 1.036193 1.018337 1.018353 7.000000      0   0   1
371     27.465581 22.881093 22.912526        7 138 139 173 174 372 373   1   1.036195 0.912327 1.036195 0.912344 1.018346 1.018325 7.000000      0   0   1
372     27.019906 23.676956 23.365299        7 137 138 371 373 374 375   1   1.068727 0.983923 1.018346 1.094711 1.094537 1.083398 7.000000      0   0   1
373     27.152103 22.712831 23.866678        7 172 173 371 372 375 376   1   1.068728 0.983941 1.018325 1.094711 1.083417 1.094516 7.000000      0   0   1
374     26.399052 24.468852 23.795943        7 136 137 372 375 377 378   1   1.070703 1.040358 1.094537 1.126157 1.122506 1.122289 7.000000      0   0   1
375     26.607172 23.512766 24.353451        7 372 373 374 376 378 379   1   1.083398 1.083417 1.126157 1.126157 1.141019 1.141000 7.000000      0   0   1
376     26.670166 22.491644 24.824163        7 171 172 373 375 379 380   1   1.070703 1.040375 1.094516 1.126157 1.122308 1.122487 7.000000      0   0   1
377     25.625342 25.192771 24.166526        7 135 136 374 378 381 382   1   1.040374 1.070684 1.122506 1.122308 1.094532 1.126137 7.000000      0   0   1
378     25.888260 24.289884 24.779098        7 374 375 377 379 382 383   1   1.122289 1.141019 1.122308 1.152535 1.141017 1.152516 7.000001      0   0   1
379     26.027445 23.274836 25.306963        7 375 376 378 380 383 384   1   1.141000 1.122308 1.152535 1.122308 1.152533 1.141000 7.000000      0   0   1
380     26.032017 22.226964 25.708860        7 170 171 376 379 384 385   1   1.040374 1.070702 1.122487 1.122308 1.126154 1.094517 7.000000      0   0   1
381     24.756253 25.794935 24.449517        7 134 135 377 382 386 387   1   0.983937 1.068707 1.094532 1.083415 1.018336 1.094691 7.000000      0   0   1
382     25.039468 24.979588 25.104336        7 377 378 381 383 387 388   1   1.126137 1.141017 1.083415 1.141019 1.083411 1.126138 7.000000      0   0   1
383     25.233041 24.018122 25.687462        7 378 379 382 384 388 389   1   1.152516 1.152533 1.141019 1.141019 1.122305 1.122291 7.000000      0   0   1
384     25.314142 22.976463 26.146043        7 379 380 383 385 389 390   1   1.141000 1.126154 1.141019 1.083415 1.126154 1.083399 7.000000      0   0   1
385     25.285066 21.938456 26.455045        7 169 170 380 384 390 391   1   0.983937 1.068724 1.094517 1.083415 1.094708 1.018327 7.000000      0   0   1
386     23.864844 26.250113 24.637166        7 117 118 133 134 381 387   1   1.036167 0.912335 0.912338 1.036173 1.018336 1.018341 7.000000      0   0   1
387     24.133910 25.536806 25.312307        7 116 117 381 382 386 388   1   1.068700 0.983939 1.094691 1.083411 1.018341 1.094535 7.000000      0   0   1
388     24.349048 24.663407 25.935923        7 115 116 382 383 387 389   1   1.070678 1.040379 1.126138 1.122305 1.094535 1.122507 7.000000      0   0   1
389     24.484609 23.674806 26.450038        7 114 115 383 384 388 390   1   1.040352 1.070710 1.122291 1.126154 1.122507 1.094536 7.000000      0   0   1
390     24.530521 22.644450 26.816460        7 113 114 384 385 389 391   1   0.983920 1.068734 1.083399 1.094708 1.094536 1.018341 7.000000      0   0   1
391     24.495724 21.649311 27.029784        7 112 113 168 169 385 390   1   0.912325 1.036198 0.912338 1.036191 1.018327 1.018341 7.000000      0   0   1
392     22.309876 20.213483 27.831224        7 124 125 166 167 393 394   1   1.036194 0.912334 1.036195 0.912346 1.018352 1.018335 7.000000      0   0   1
393     21.365433 20.565388 27.976931        7 123 124 392 394 395 396   1   1.068729 0.983933 1.018352 1.094712 1.094550 1.083410 7.000000      0   0   1
394     21.579333 19.504251 27.813744        7 165 166 392 393 396 397   1   1.068729 0.983946 1.018335 1.094712 1.083428 1.094528 7.000000      0   0   1
395     20.342120 20.953723 27.968863        7 122 123 393 396 398 399   1   1.070706 1.040371 1.094550 1.126159 1.122522 1.122304 7.000000      0   0   1
396     20.555704 19.850769 27.890709        7 393 394 395 397 399 400   1   1.083410 1.083428 1.126159 1.126160 1.141033 1.141014 7.000000      0   0   1
397     20.780787 18.777559 27.634207        7 164 165 394 396 400 401   1   1.070706 1.040384 1.094528 1.126160 1.122321 1.122500 7.000000      0   0   1
398     19.309528 21.353094 27.783630        7 121 122 395 399 402 403   1   1.040377 1.070699 1.122522 1.122312 1.094550 1.126153 7.000000      0   0   1
399     19.489507 20.245349 27.793299        7 395 396 398 400 403 404   1   1.122304 1.141033 1.122312 1.152539 1.141034 1.152531 7.000000      0   0   1
400     19.714709 19.128159 27.621498        7 396 397 399 401 404 405   1   1.141014 1.122321 1.152539 1.122312 1.152548 1.141015 7.000000      0   0   1
401     19.967530 18.088845 27.281655        7 163 164 397 400 405 406   1   1.040377 1.070713 1.122500 1.122312 1.126168 1.094529 7.000000      0   0   1
402     18.344369 21.733829 27.434992        7 120 121 398 403 407 408   1   0.983940 1.068723 1.094550 1.083419 1.018352 1.094706 7.000000      0   0   1
403     18.463444 20.659979 27.515387        7 398 399 402 404 408 409   1   1.126153 1.141034 1.083419 1.141023 1.083427 1.126152 7.000000      0   0   1
404     18.654494 19.538210 27.431311        7 399 400 403 405 409 410   1   1.152531 1.152548 1.141023 1.141023 1.122321 1.122305 6.999999      0   0   1
405     18.907864 18.455281 27.176356        7 400 401 404 406 410 411   1   1.141015 1.126168 1.141023 1.083419 1.126168 1.083411 7.000000      0   0   1
406     19.199980 17.489275 26.782278        7 162 163 401 405 411 412   1   0.983939 1.068736 1.094529 1.083419 1.094721 1.018336 7.000000      0   0   1
407     17.504348 22.072089 26.969174        7 103 104 119 120 402 408   1   1.036188 0.912347 0.912340 1.036188 1.018352 1.018344 7.000000      0   0   1
408     17.551253 21.062167 27.091163        7 102 103 402 403 407 409   1   1.068722 0.983947 1.094706 1.083427 1.018344 1.094539 7.000000      0   0   1
409     17.683014 19.975662 27.078514        7 101 102 403 404 408 410   1   1.070699 1.040385 1.126152 1.122321 1.094539 1.122510 7.000000      0   0   1
410     17.902347 18.887578 26.911195        7 100 101 404 405 409 411   1   1.040371 1.070714 1.122305 1.126168 1.122510 1.094539 7.000000      0   0   1
411     18.192959 17.878750 26.601636        7  99 100 405 406 410 412   1   0.983934 1.068738 1.083411 1.094721 1.094539 1.018344 7.000000      0   0   1
412     18.525094 17.008306 26.190495        7  98  99 161 162 406 411   1   0.912335 1.036203 0.912340 1.036203 1.018336 1.018344 7.000001      0   0   1
413     17.504429 15.728662 23.998995        7 110 111 159 160 414 415   1   1.036198 0.912345 1.036198 0.912347 1.018353 1.018346 6.999999      0   0   1
414     16.715051 16.025845 23.428374        7 109 110 413 415 416 417   1   1.068732 0.983944 1.018353 1.094716 1.094550 1.083420 7.000001      0   0   1
415     17.469611 15.319855 23.066958        7 158 159 413 414 417 418   1   1.068732 0.983948 1.018346 1.094716 1.083428 1.094537 7.000001      0   0   1
416     15.968060 16.462493 22.758014        7 108 109 414 417 419 420   1   1.070708 1.040381 1.094550 1.126162 1.122522 1.122313 7.000000      0   0   1
417     16.685951 15.669595 22.405614        7 414 415 416 418 420 421   1   1.083420 1.083428 1.126162 1.126162 1.141034 1.141021 6.999999      0   0   1
418     17.515499 15.014659 22.016833        7 157 158 415 417 421 422   1   1.070708 1.040385 1.094537 1.126162 1.122321 1.122506 7.000000      0   0   1
419     15.329878 17.025450 22.025990        7 107 108 416 420 423 424   1   1.040378 1.070708 1.122522 1.122314 1.094548 1.126158 7.000000      0   0   1
420     15.972610 16.175841 21.672935        7 416 417 419 421 424 425   1   1.122313 1.141034 1.122314 1.152540 1.141032 1.152535 7.000000      0   0   1
421     16.767027 15.432558 21.292434        7 417 418 420 422 425 426   1   1.141021 1.122321 1.152540 1.122313 1.152547 1.141017 6.999999      0   0   1
422     17.651032 14.853696 20.914227        7 156 157 418 421 426 427   1   1.040378 1.070713 1.122506 1.122313 1.126167 1.094531 7.000000      0   0   1
423     14.847915 17.672890 21.286687        7 106 107 419 424 428 429   1   0.983940 1.068729 1.094548 1.083419 1.018351 1.094710 7.000000      0   0   1
424     15.392851 16.810267 20.922377        7 419 420 423 425 429 430   1   1.126158 1.141032 1.083419 1.141024 1.083426 1.126155 7.000000      0   0   1
425     16.111772 16.010572 20.540832        7 420 421 424 426 430 431   1   1.152535 1.152547 1.141024 1.141024 1.122319 1.122306 7.000000      0   0   1
426     16.960573 15.343446 20.171488        7 421 422 425 427 431 432   1   1.141017 1.126167 1.141024 1.083419 1.126166 1.083411 7.000000      0   0   1
427     17.866141 14.848921 19.841052        7 155 156 422 426 432 433   1   0.983940 1.068735 1.094531 1.083419 1.094718 1.018334 7.000000      0   0   1
428     14.534423 18.348572 20.592270        7  89  90 105 106 423 429   1   1.036197 0.912342 0.912340 1.036194 1.018351 1.018343 7.000000      0   0   1
429     14.980098 17.515913 20.211385        7  88  89 423 424 428 430   1   1.068732 0.983938 1.094710 1.083426 1.018343 1.094538 7.000000      0   0   1
430     15.600953 16.703523 19.820776        7  87  88 424 425 429 431   1   1.070708 1.040373 1.126155 1.122319 1.094538 1.122509 7.000000      0   0   1
431     16.374667 15.979602 19.450191        7  86  87 425 426 430 432   1   1.040377 1.070700 1.122306 1.126166 1.122509 1.094538 7.000001      0   0   1
432     17.243761 15.397933 19.127163        7  85  86 426 427 431 433   1   0.983936 1.068723 1.083411 1.094718 1.094538 1.018343 7.000000      0   0   1
433     18.135177 14.979554 18.867626        7  84  85 154 155 427 432   1   0.912333 1.036191 0.912339 1.036199 1.018334 1.018343 7.000000      0   0   1
434     24.495651 19.927912 15.030825        7 140 141 152 153 435 436   1   0.912341 1.036188 1.036188 0.912348 1.018354 1.018345 7.000000      0   0   1
435     23.655629 20.266174 14.565007        7 141 142 434 436 437 438   1   0.983942 1.068723 1.018354 1.094706 1.094550 1.083421 7.000000      0   0   1
436     24.448746 20.937835 14.908835        7 151 152 434 435 438 439   1   1.068723 0.983950 1.018345 1.094706 1.083430 1.094540 7.000000      0   0   1
437     22.690470 20.646910 14.216369        7 142 143 435 438 440 441   1   1.040381 1.070700 1.094550 1.126152 1.122522 1.122315 7.000000      0   0   1
438     23.536552 21.340026 14.484612        7 435 436 437 439 441 442   1   1.083421 1.083430 1.126152 1.126152 1.141034 1.141025 7.000000      0   0   1
439     24.316984 22.024341 14.921485        7 150 151 436 438 442 443   1   1.070699 1.040388 1.094540 1.126152 1.122323 1.122511 7.000000      0   0   1
440     21.657877 21.046280 14.031136        7 143 144 437 441 444 445   1   1.070710 1.040371 1.122522 1.122305 1.094549 1.126161 7.000001      0   0   1
441     22.510489 21.754657 14.206701        7 437 438 440 442 445 446   1   1.122315 1.141034 1.122305 1.152531 1.141033 1.152539 7.000000      0   0   1
442     23.345502 22.461796 14.568688        7 438 439 441 443 446 447   1   1.141025 1.122323 1.152531 1.122304 1.152549 1.141023 7.000000      0   0   1
443     24.097650 23.112425 15.088805        7 149 150 439 442 447 448   1   1.040371 1.070717 1.122511 1.122304 1.126170 1.094538 7.000000      0   0   1
444     20.634565 21.434614 14.023069        7 144 145 440 445 449 450   1   1.068732 0.983934 1.094549 1.083411 1.018351 1.094713 7.000000      0   0   1
445     21.444293 22.149237 14.109292        7 440 441 444 446 450 451   1   1.126161 1.141033 1.083411 1.141014 1.083425 1.126158 7.000000      0   0   1
446     22.285288 22.871847 14.378503        7 441 442 445 447 451 452   1   1.152539 1.152549 1.141014 1.141014 1.122319 1.122310 7.000000      0   0   1
447     23.092133 23.544724 14.823645        7 442 443 446 448 452 453   1   1.141023 1.126170 1.141014 1.083411 1.126167 1.083417 7.000000      0   0   1
448     23.807039 24.121252 15.398364        7 148 149 443 447 453 454   1   0.983934 1.068740 1.094538 1.083411 1.094721 1.018342 7.000000      0   0   1
449     19.690123 21.786519 14.168777        7  82  83 145 146 444 450   1   1.036192 0.912344 1.036196 0.912334 1.018351 1.018336 7.000000      0   0   1
450     20.420665 22.495752 14.186256        7  81  82 444 445 449 451   1   1.068725 0.983943 1.094713 1.083425 1.018336 1.094529 7.000000      0   0   1
451     21.219211 23.222446 14.365794        7  80  81 445 446 450 452   1   1.070701 1.040381 1.126158 1.122319 1.094529 1.122500 7.000000      0   0   1
452     22.032468 23.911159 14.718347        7  79  80 446 447 451 453   1   1.040372 1.070710 1.122310 1.126167 1.122500 1.094529 7.000000      0   0   1
453     22.800018 24.510728 15.217723        7  78  79 447 448 452 454   1   0.983936 1.068734 1.083417 1.094721 1.094529 1.018336 7.000000      0   0   1
454     23.474904 24.991694 15.809507        7  77  78 147 148 448 453   1   0.912338 1.036202 0.912335 1.036204 1.018342 1.018336 7.000000      0   0   1
455     27.465575 23.651434 21.407730        7 126 127 138 139 456 457   1   0.912346 1.036195 1.036195 0.912347 1.018353 1.018348 7.000000      0   0   1
456     27.152081 24.327116 20.713311        7 127 128 455 457 458 459   1   0.983946 1.068729 1.018353 1.094713 1.094550 1.083423 7.000000      0   0   1
457     27.019895 24.484098 21.788616        7 137 138 455 456 459 460   1   1.068729 0.983947 1.018348 1.094713 1.083428 1.094540 6.999999      0   0   1
458     26.670118 24.974556 19.974006        7 128 129 456 459 461 462   1   1.040384 1.070706 1.094550 1.126159 1.122522 1.122315 7.000000      0   0   1
459     26.607141 25.189743 21.077619        7 456 457 458 460 462 463   1   1.083423 1.083428 1.126159 1.126159 1.141034 1.141024 7.000000      0   0   1
460     26.399038 25.296490 22.179224        7 136 137 457 459 463 464   1   1.070706 1.040385 1.094540 1.126159 1.122321 1.122509 7.000000      0   0   1
461     26.031936 25.537510 19.241980        7 129 130 458 462 465 466   1   1.070711 1.040376 1.122522 1.122311 1.094549 1.126162 7.000000      0   0   1
462     26.027382 25.824166 20.327056        7 458 459 461 463 466 467   1   1.122315 1.141034 1.122311 1.152537 1.141033 1.152538 7.000000      0   0   1
463     25.888218 25.989438 21.459161        7 459 460 462 464 467 468   1   1.141024 1.122321 1.152537 1.122311 1.152547 1.141020 7.000000      0   0   1
464     25.625321 26.020408 22.549806        7 135 136 460 463 468 469   1   1.040376 1.070714 1.122509 1.122311 1.126167 1.094534 7.000000      0   0   1
465     25.284945 25.974155 18.571620        7 130 131 461 466 470 471   1   1.068733 0.983938 1.094549 1.083416 1.018351 1.094712 7.000000      0   0   1
466     25.314043 26.330409 19.594375        7 461 462 465 467 471 472   1   1.126162 1.141033 1.083416 1.141020 1.083425 1.126157 7.000000      0   0   1
467     25.232965 26.567448 20.707553        7 462 463 466 468 472 473   1   1.152538 1.152547 1.141020 1.141021 1.122318 1.122308 7.000000      0   0   1
468     25.039418 26.656561 21.828502        7 463 464 467 469 473 474   1   1.141020 1.126167 1.141021 1.083416 1.126165 1.083413 7.000000      0   0   1
469     24.756229 26.602075 22.872833        7 134 135 464 468 474 475   1   0.983938 1.068736 1.094534 1.083416 1.094718 1.018337 7.000000      0   0   1
470     24.495569 26.271336 18.000999        7  75  76 131 132 465 471   1   1.036200 0.912342 1.036196 0.912338 1.018351 1.018340 7.000000      0   0   1
471     24.530385 26.680142 18.933030        7  74  75 465 466 470 472   1   1.068735 0.983938 1.094712 1.083425 1.018340 1.094535 7.000000      0   0   1
472     24.484497 26.985341 19.983151        7  73  74 466 467 471 473   1   1.070711 1.040372 1.126157 1.122318 1.094535 1.122506 7.000000      0   0   1
473     24.348964 27.146306 21.085757        7  72  73 467 468 472 474   1   1.040379 1.070699 1.122308 1.126165 1.122506 1.094535 7.000000      0   0   1
474     24.133855 27.151083 22.158935        7  71  72 468 469 473 475   1   0.983938 1.068722 1.083413 1.094718 1.094535 1.018340 7.000000      0   0   1
475     23.864818 27.020451 23.132368        7  70  71 133 134 469 474   1   0.912335 1.036191 0.912338 1.036200 1.018337 1.018340 7.000000      0   0   1
476     22.940657 21.774683 27.680847        7 112 113 124 125 477 478   1   0.912347 1.036195 1.036195 0.912347 1.018348 1.018353 7.000000      0   0   1
477     22.901162 22.775815 27.498620        7 113 114 476 478 479 480   1   0.983947 1.068729 1.018348 1.094713 1.094540 1.083429 7.000000      0   0   1
478     22.026347 22.201171 27.819369        7 123 124 476 477 480 481   1   1.068729 0.983946 1.018353 1.094713 1.083423 1.094550 7.000000      0   0   1
479     22.813874 23.809509 27.149513        7 114 115 477 480 482 483   1   1.040385 1.070705 1.094540 1.126160 1.122509 1.122321 6.999999      0   0   1
480     21.928865 23.249385 27.563343        7 477 478 479 481 483 484   1   1.083429 1.083423 1.126160 1.126159 1.141024 1.141034 7.000000      0   0   1
481     21.019816 22.631040 27.807298        7 122 123 478 480 484 485   1   1.070705 1.040384 1.094550 1.126159 1.122315 1.122522 7.000000      0   0   1
482     22.678311 24.798109 26.635392        7 115 116 479 483 486 487   1   1.070714 1.040376 1.122509 1.122311 1.094534 1.126167 7.000000      0   0   1
483     21.802182 24.294717 27.123834        7 479 480 482 484 487 488   1   1.122321 1.141024 1.122311 1.152537 1.141021 1.152547 7.000000      0   0   1
484     20.881156 23.689721 27.461523        7 480 481 483 485 488 489   1   1.141034 1.122315 1.152537 1.122310 1.152538 1.141033 7.000000      0   0   1
485     19.987223 23.030409 27.622063        7 121 122 481 484 489 490   1   1.040376 1.070712 1.122522 1.122310 1.126161 1.094549 7.000000      0   0   1
486     22.504546 25.668169 25.994451        7 116 117 482 487 491 492   1   1.068735 0.983938 1.094534 1.083416 1.018337 1.094719 7.000001      0   0   1
487     21.654187 25.252505 26.521616        7 482 483 486 488 492 493   1   1.126167 1.141021 1.083416 1.141020 1.083413 1.126166 7.000000      0   0   1
488     20.741969 24.704765 26.933644        7 483 484 487 489 493 494   1   1.152547 1.152538 1.141020 1.141021 1.122308 1.122319 7.000000      0   0   1
489     19.836606 24.058590 27.188016        7 484 485 488 490 494 495   1   1.141033 1.126161 1.141021 1.083416 1.126157 1.083426 7.000000      0   0   1
490     19.005283 23.369607 27.277425        7 120 121 485 489 495 496   1   0.983938 1.068733 1.094549 1.083416 1.094712 1.018352 7.000000      0   0   1
491     22.309771 26.375480 25.288206        7  61  62 117 118 486 492   1   1.036190 0.912335 1.036200 0.912338 1.018337 1.018340 7.000000      0   0   1
492     21.497527 26.057642 25.813805        7  60  61 486 487 491 493   1   1.068722 0.983938 1.094719 1.083413 1.018340 1.094534 7.000000      0   0   1
493     20.613132 25.596836 26.264924        7  59  60 487 488 492 494   1   1.070698 1.040379 1.126166 1.122308 1.094534 1.122506 7.000000      0   0   1
494     19.716103 25.007605 26.593810        7  58  59 488 489 493 495   1   1.040372 1.070711 1.122319 1.126157 1.122506 1.094535 7.000000      0   0   1
495     18.873081 24.333723 26.776029        7  57  58 489 490 494 496   1   0.983938 1.068735 1.083426 1.094712 1.094535 1.018340 7.000000      0   0   1
496     18.135129 23.633285 26.818790        7  56  57 119 120 490 495   1   0.912342 1.036200 0.912338 1.036196 1.018352 1.018340 7.000000      0   0   1
497     17.174131 16.891243 25.181010        7  98  99 110 111 498 499   1   0.912348 1.036188 1.036188 0.912341 1.018345 1.018354 7.000000      0   0   1
498     16.777457 17.756096 25.543922        7  99 100 497 499 500 501   1   0.983949 1.068722 1.018345 1.094706 1.094539 1.083430 7.000000      0   0   1
499     16.368976 17.243967 24.666854        7 109 110 497 498 501 502   1   1.068722 0.983942 1.018354 1.094706 1.083420 1.094550 6.999999      0   0   1
500     16.450905 18.761811 25.826619        7 100 101 498 501 503 504   1   1.040388 1.070699 1.094539 1.126152 1.122510 1.122323 7.000000      0   0   1
501     15.966918 18.200449 24.978769        7 498 499 500 502 504 505   1   1.083430 1.083420 1.126152 1.126152 1.141024 1.141034 7.000000      0   0   1
502     15.613197 17.711545 24.027941        7 108 109 499 501 505 506   1   1.070699 1.040381 1.094550 1.126152 1.122314 1.122522 7.000000      0   0   1
503     16.231574 19.849896 25.993935        7 101 102 500 504 507 508   1   1.070717 1.040371 1.122510 1.122304 1.094538 1.126170 7.000001      0   0   1
504     15.673957 19.279951 25.204129        7 500 501 503 505 508 509   1   1.122323 1.141024 1.122304 1.152530 1.141023 1.152548 7.000000      0   0   1
505     15.243900 18.740772 24.280732        7 501 502 504 506 509 510   1   1.141034 1.122314 1.152530 1.122304 1.152539 1.141032 7.000000      0   0   1
506     14.975016 18.274502 23.295917        7 107 108 502 505 510 511   1   1.040371 1.070710 1.122522 1.122304 1.126161 1.094548 7.000000      0   0   1
507     16.135759 20.939517 26.033439        7 102 103 503 508 512 513   1   1.068740 0.983934 1.094538 1.083410 1.018343 1.094721 7.000000      0   0   1
508     15.522511 20.405153 25.317785        7 503 504 507 509 513 514   1   1.126170 1.141023 1.083410 1.141014 1.083417 1.126167 7.000000      0   0   1
509     15.018708 19.857966 24.452521        7 504 505 508 510 514 515   1   1.152548 1.152539 1.141014 1.141014 1.122310 1.122319 7.000000      0   0   1
510     14.673826 19.341122 23.495525        7 505 506 509 511 515 516   1   1.141032 1.126161 1.141014 1.083411 1.126158 1.083426 7.000000      0   0   1
511     14.501843 18.891011 22.525164        7 106 107 506 510 516 517   1   0.983934 1.068732 1.094548 1.083411 1.094713 1.018351 7.000000      0   0   1
512     16.153397 21.955031 25.959673        7  33  34 103 104 507 513   1   1.036202 0.912339 1.036204 0.912335 1.018343 1.018336 7.000000      0   0   1
513     15.513387 21.488529 25.319539        7  32  33 507 508 512 514   1   1.068734 0.983936 1.094721 1.083417 1.018336 1.094529 7.000000      0   0   1
514     14.955222 20.975805 24.529882        7  31  32 508 509 513 515   1   1.070710 1.040373 1.126167 1.122310 1.094529 1.122500 7.000000      0   0   1
515     14.536373 20.450676 23.630544        7  30  31 509 510 514 516   1   1.040381 1.070701 1.122319 1.126158 1.122500 1.094529 7.000000      0   0   1
516     14.287955 19.952153 22.688335        7  29  30 510 511 515 517   1   0.983943 1.068725 1.083426 1.094713 1.094529 1.018336 7.000000      0   0   1
517     14.204131 19.511153 21.774278        7  28  29 105 106 511 516   1   0.912344 1.036192 0.912334 1.036196 1.018351 1.018336 7.000000      0   0   1
518     18.135157 15.749883 17.362838        7  84  85  96  97 519 520   1   0.912333 1.036170 1.036170 0.912333 1.018337 1.018337 7.000000      0   0   1
519     17.243748 16.205063 17.550485        7  85  86 518 520 521 522   1   0.983934 1.068705 1.018337 1.094687 1.094533 1.083413 7.000000      0   0   1
520     17.866092 16.463186 16.687698        7  95  96 518 519 522 523   1   1.068705 0.983934 1.018337 1.094687 1.083413 1.094533 7.000000      0   0   1
521     16.374659 16.807228 17.833475        7  86  87 519 522 524 525   1   1.040373 1.070684 1.094533 1.126134 1.122507 1.122308 7.000000      0   0   1
522     16.960533 17.020407 16.895667        7 519 520 521 523 525 526   1   1.083413 1.083413 1.126134 1.126134 1.141019 1.141019 7.000000      0   0   1
523     17.650954 17.336584 16.064084        7  94  95 520 522 526 527   1   1.070684 1.040374 1.094533 1.126134 1.122308 1.122507 7.000000      0   0   1
524     15.600947 17.531149 18.204057        7  87  88 521 525 528 529   1   1.070704 1.040358 1.122507 1.122288 1.094538 1.126157 7.000001      0   0   1
525     16.111741 17.710115 17.220902        7 521 522 524 526 529 530   1   1.122308 1.141019 1.122288 1.152513 1.141020 1.152535 7.000000      0   0   1
526     16.766959 17.981873 16.312540        7 522 523 525 527 530 531   1   1.141019 1.122308 1.152513 1.122288 1.152535 1.141020 7.000000      0   0   1
527     17.515392 18.325183 15.549967        7  93  94 523 526 531 532   1   1.040358 1.070704 1.122507 1.122288 1.126157 1.094538 7.000000      0   0   1
528     14.980093 18.323046 18.634700        7  88  89 524 529 533 534   1   1.068729 0.983924 1.094538 1.083397 1.018345 1.094711 7.000000      0   0   1
529     15.392828 18.487236 17.646549        7 524 525 528 530 534 535   1   1.126157 1.141020 1.083397 1.140998 1.083417 1.126156 7.000000      0   0   1
530     15.972556 18.725164 16.693038        7 525 526 529 531 535 536   1   1.152535 1.152535 1.140998 1.140999 1.122309 1.122309 7.000000      0   0   1
531     16.685857 19.023531 15.853958        7 526 527 530 532 536 537   1   1.141020 1.126157 1.140999 1.083397 1.126156 1.083417 7.000000      0   0   1
532     17.469478 19.355541 15.183543        7  92  93 527 531 537 538   1   0.983924 1.068729 1.094538 1.083397 1.094711 1.018346 7.000000      0   0   1
533     14.534419 19.118909 19.087474        7  40  41  89  90 528 534   1   1.036193 0.912343 1.036196 0.912328 1.018345 1.018326 7.000000      0   0   1
534     14.847897 19.287171 18.133322        7  39  40 528 529 533 535   1   1.068726 0.983940 1.094711 1.083417 1.018326 1.094516 7.000000      0   0   1
535     15.329835 19.508357 17.175836        7  38  39 529 530 534 536   1   1.070702 1.040375 1.126156 1.122309 1.094516 1.122486 7.000000      0   0   1
536     15.967983 19.773035 16.291140        7  37  38 530 531 535 537   1   1.040375 1.070703 1.122309 1.126156 1.122486 1.094516 7.000000      0   0   1
537     16.714935 20.061542 15.544956        7  36  37 531 532 536 538   1   0.983940 1.068726 1.083417 1.094711 1.094516 1.018326 7.000000      0   0   1
538     17.504275 20.350684 14.970216        7  35  36  91  92 532 537   1   0.912343 1.036193 0.912327 1.036196 1.018346 1.018326 7.000000      0   0   1
539     18.524900 22.876752 14.726908        7  47  48  82  83 540 541   1   1.036185 0.912333 1.036186 0.912339 1.018337 1.018333 7.000000      0   0   1
540     18.192786 23.719243 15.192654        7  46  47 539 541 542 543   1   1.068718 0.983930 1.018337 1.094701 1.094526 1.083405 7.000000      0   0   1
541     19.199776 23.638064 14.771050        7  81  82 539 540 543 544   1   1.068718 0.983936 1.018333 1.094701 1.083408 1.094526 7.000000      0   0   1
542     17.902202 24.560238 15.830053        7  45  46 540 543 545 546   1   1.070694 1.040364 1.094526 1.126146 1.122493 1.122296 7.000000      0   0   1
543     18.907685 24.522583 15.324295        7 540 541 542 544 546 547   1   1.083405 1.083408 1.126146 1.126145 1.141008 1.141008 7.000000      0   0   1
544     19.967321 24.393759 14.965435        7  80  81 541 543 547 548   1   1.070694 1.040370 1.094526 1.126145 1.122299 1.122496 7.000000      0   0   1
545     17.682900 25.332183 16.614908        7  44  45 542 546 549 550   1   1.040365 1.070691 1.122493 1.122297 1.094519 1.126143 7.000000      0   0   1
546     18.654346 25.362607 16.053732        7 542 543 545 547 550 551   1   1.122296 1.141008 1.122297 1.152523 1.141004 1.152522 7.000000      0   0   1
547     19.714526 25.277142 15.609861        7 543 544 546 548 551 552   1   1.141008 1.122299 1.152523 1.122297 1.152521 1.141007 6.999999      0   0   1
548     20.780576 25.082470 15.317986        7  79  80 544 547 552 553   1   1.040365 1.070696 1.122496 1.122297 1.126145 1.094525 7.000000      0   0   1
549     17.551169 25.977734 17.488912        7  43  44 545 550 554 555   1   0.983929 1.068713 1.094519 1.083404 1.018325 1.094696 7.000001      0   0   1
550     18.463329 26.086717 16.914585        7 545 546 549 551 555 556   1   1.126143 1.141004 1.083404 1.141007 1.083399 1.126142 7.000000      0   0   1
551     19.489356 26.069738 16.415711        7 546 547 550 552 556 557   1   1.152522 1.152521 1.141007 1.141007 1.122292 1.122295 7.000000      0   0   1
552     20.555520 25.918061 16.038638        7 547 548 551 553 557 558   1   1.141007 1.126145 1.141007 1.083404 1.126142 1.083404 7.000000      0   0   1
553     21.579125 25.653032 15.802509        7  78  79 548 552 558 559   1   0.983929 1.068718 1.094525 1.083404 1.094698 1.018333 7.000000      0   0   1
554     17.504292 26.469284 18.379511        7  42  43  68  69 549 555   1   0.912332 1.036180 1.036170 0.912327 1.018325 1.018331 7.000000      0   0   1
555     18.344285 26.649386 17.832727        7  67  68 549 550 554 556   1   1.068701 0.983929 1.094696 1.083399 1.018331 1.094523 7.000000      0   0   1
556     19.309410 26.709598 17.320001        7  66  67 550 551 555 557   1   1.070678 1.040369 1.126142 1.122292 1.094523 1.122493 7.000000      0   0   1
557     20.341968 26.626362 16.887696        7  65  66 551 552 556 558   1   1.040353 1.070699 1.122295 1.126142 1.122493 1.094523 7.000000      0   0   1
558     21.365252 26.405862 16.567930        7  64  65 552 553 557 559   1   0.983922 1.068723 1.083404 1.094698 1.094523 1.018332 7.000000      0   0   1
559     22.309676 26.081916 16.367627        7  63  64  77  78 553 558   1   0.912329 1.036190 0.912331 1.036183 1.018333 1.018332 7.000000      0   0   1
560     22.940477 26.872782 17.722048        7  63  64  75  76 561 562   1   0.912344 1.036195 1.036194 0.912340 1.018338 1.018344 7.000000      0   0   1
561     22.026181 27.234509 17.987054        7  64  65 560 562 563 564   1   0.983940 1.068727 1.018338 1.094710 1.094526 1.083415 7.000000      0   0   1
562     22.901005 27.310321 18.640756        7  74  75 560 561 564 565   1   1.068727 0.983936 1.018344 1.094710 1.083409 1.094535 7.000000      0   0   1
563     21.019676 27.476048 18.342855        7  65  66 561 564 566 567   1   1.040374 1.070702 1.094526 1.126154 1.122494 1.122305 7.000000      0   0   1
564     21.928729 27.639708 18.987107        7 561 562 563 565 567 568   1   1.083415 1.083409 1.126154 1.126154 1.141008 1.141015 7.000000      0   0   1
565     22.813745 27.631519 19.683457        7  73  74 562 564 568 569   1   1.070701 1.040370 1.094535 1.126154 1.122298 1.122502 7.000000      0   0   1
566     19.987117 27.559279 18.775158        7  66  67 563 567 570 571   1   1.070700 1.040372 1.122494 1.122305 1.094519 1.126149 7.000000      0   0   1
567     20.881051 27.814560 19.403874        7 563 564 566 568 571 572   1   1.122305 1.141008 1.122305 1.152531 1.141004 1.152527 7.000000      0   0   1
568     21.802079 27.894374 20.092105        7 564 565 567 569 572 573   1   1.141015 1.122298 1.152531 1.122305 1.152520 1.141012 7.000000      0   0   1
569     22.678215 27.792483 20.786060        7  72  73 565 568 573 574   1   1.040372 1.070695 1.122502 1.122305 1.126143 1.094528 7.000000      0   0   1
570     19.005212 27.478023 19.251848        7  67  68 566 571 575 576   1   1.068720 0.983934 1.094519 1.083411 1.018324 1.094701 7.000000      0   0   1
571     19.836535 27.808354 19.863046        7 566 567 570 572 576 577   1   1.126149 1.141004 1.083411 1.141014 1.083398 1.126146 7.000000      0   0   1
572     20.741898 27.979832 20.535969        7 567 568 571 573 577 578   1   1.152527 1.152520 1.141014 1.141014 1.122292 1.122299 7.000000      0   0   1
573     21.654119 27.965859 21.221222        7 568 569 572 574 578 579   1   1.141012 1.126143 1.141014 1.083411 1.126140 1.083405 7.000000      0   0   1
574     22.504483 27.781257 21.866654        7  71  72 569 573 579 580   1   0.983934 1.068715 1.094528 1.083411 1.094695 1.018332 7.000000      0   0   1
575     18.135090 27.260139 19.733925        7  54  55  68  69 570 576   1   1.036182 0.912323 1.036185 0.912335 1.018324 1.018336 7.000000      0   0   1
576     18.873043 27.635007 20.327142        7  53  54 570 571 575 577   1   1.068715 0.983922 1.094701 1.083398 1.018336 1.094529 7.000000      0   0   1
577     19.716065 27.881216 20.980357        7  52  53 571 572 576 578   1   1.070691 1.040359 1.126146 1.122292 1.094529 1.122500 7.000000      0   0   1
578     20.613096 27.958948 21.650657        7  51  52 572 573 577 579   1   1.040362 1.070687 1.122299 1.126140 1.122500 1.094529 7.000000      0   0   1
579     21.497493 27.862428 22.288245        7  50  51 573 574 578 580   1   0.983926 1.068711 1.083405 1.094695 1.094529 1.018336 7.000000      0   0   1
580     22.309740 27.621893 22.853405        7  49  50  70  71 574 579   1   0.912328 1.036178 0.912335 1.036179 1.018332 1.018336 7.000000      0   0   1
581     21.348672 27.223282 24.185780        7  49  50  61  62 582 583   1   0.912330 1.036179 1.036179 0.912336 1.018336 1.018333 7.000000      0   0   1
582     20.490511 27.444774 23.684272        7  50  51 581 583 584 585   1   0.983929 1.068713 1.018336 1.094695 1.094529 1.083408 7.000000      0   0   1
583     20.490519 26.945946 24.658709        7  60  61 581 582 585 586   1   1.068713 0.983935 1.018333 1.094695 1.083410 1.094528 7.000000      0   0   1
584     19.580544 27.530687 23.082132        7  51  52 582 585 587 588   1   1.040367 1.070691 1.094529 1.126142 1.122499 1.122302 7.000000      0   0   1
585     19.561942 27.098107 24.121710        7 582 583 584 586 588 589   1   1.083408 1.083410 1.126142 1.126142 1.141013 1.141014 6.999999      0   0   1
586     19.580558 26.507699 25.080495        7  59  60 583 585 589 590   1   1.070691 1.040371 1.094528 1.126142 1.122304 1.122504 7.000000      0   0   1
587     18.683514 27.452954 22.411833        7  52  53 584 588 591 592   1   1.070696 1.040364 1.122499 1.122295 1.094528 1.126150 7.000000      0   0   1
588     18.621553 27.100397 23.475511        7 584 585 587 589 592 593   1   1.122302 1.141013 1.122295 1.152521 1.141012 1.152529 7.000000      0   0   1
589     18.621559 26.575219 24.501421        7 585 586 588 590 593 594   1   1.141014 1.122304 1.152521 1.122295 1.152529 1.141016 7.000000      0   0   1
590     18.683531 25.918470 25.409379        7  58  59 586 589 594 595   1   1.040364 1.070701 1.122504 1.122295 1.126152 1.094535 7.000000      0   0   1
591     17.866062 27.217351 21.723172        7  53  54 587 592 596 597   1   1.068720 0.983929 1.094528 1.083403 1.018335 1.094705 7.000000      0   0   1
592     17.744359 26.940601 22.763538        7 587 588 591 593 597 598   1   1.126150 1.141012 1.083403 1.141005 1.083408 1.126152 7.000000      0   0   1
593     17.700531 26.495403 23.813191        7 588 589 592 594 598 599   1   1.152529 1.152529 1.141005 1.141006 1.122301 1.122306 7.000000      0   0   1
594     17.744368 25.904197 24.788100        7 589 590 593 595 599 600   1   1.141016 1.126152 1.141006 1.083404 1.126150 1.083415 7.000000      0   0   1
595     17.866078 25.222033 25.620928        7  57  58 590 594 600 601   1   0.983929 1.068725 1.094535 1.083404 1.094706 1.018344 7.000000      0   0   1
596     17.174021 26.861526 21.066305        7  19  20  54  55 591 597   1   1.036179 0.912337 1.036188 0.912331 1.018335 1.018331 7.000000      0   0   1
597     16.991251 26.642711 22.043910        7  18  19 591 592 596 598   1   1.068710 0.983939 1.094705 1.083408 1.018331 1.094523 7.000000      0   0   1
598     16.889465 26.274492 23.069598        7  17  18 592 593 597 599   1   1.070688 1.040379 1.126152 1.122301 1.094523 1.122493 7.000000      0   0   1
599     16.889468 25.762995 24.068779        7  16  17 593 594 598 600   1   1.040363 1.070709 1.122306 1.126150 1.122493 1.094523 7.000000      0   0   1
600     16.991260 25.146219 24.967225        7  15  16 594 595 599 601   1   0.983932 1.068733 1.083415 1.094706 1.094523 1.018331 7.000000      0   0   1
601     17.174036 24.481091 25.716356        7  14  15  56  57 595 600   1   0.912339 1.036198 0.912331 1.036191 1.018344 1.018331 7.000000      0   0   1
602     17.173979 21.989363 15.222222        7  35  36  47  48 603 604   1   0.912339 1.036185 1.036185 0.912327 1.018325 1.018336 7.000000      0   0   1
603     16.368861 21.778501 15.808999        7  36  37 602 604 605 606   1   0.983934 1.068717 1.018325 1.094700 1.094515 1.083406 7.000000      0   0   1
604     16.777328 22.789462 15.711629        7  46  47 602 603 606 607   1   1.068717 0.983922 1.018336 1.094700 1.083395 1.094525 7.000000      0   0   1
605     15.613123 21.533590 16.561888        7  37  38 603 606 608 609   1   1.040367 1.070693 1.094515 1.126144 1.122485 1.122296 7.000000      0   0   1
606     15.966830 22.590805 16.402551        7 603 604 605 607 609 610   1   1.083406 1.083395 1.126144 1.126144 1.140997 1.141006 7.000000      0   0   1
607     16.450803 23.606847 16.362204        7  45  46 604 606 610 611   1   1.070693 1.040356 1.094525 1.126144 1.122286 1.122492 7.000000      0   0   1
608     14.974976 21.268910 17.446583        7  38  39 605 609 612 613   1   1.070693 1.040364 1.122485 1.122296 1.094515 1.126142 7.000000      0   0   1
609     15.243849 22.340462 17.249015        7 605 606 608 610 613 614   1   1.122296 1.140997 1.122296 1.152521 1.140997 1.152519 7.000000      0   0   1
610     15.673895 23.404819 17.146502        7 606 607 609 611 614 615   1   1.141006 1.122286 1.152521 1.122296 1.152511 1.141002 6.999999      0   0   1
611     16.231500 24.378793 17.147058        7  44  45 607 610 615 616   1   1.040364 1.070682 1.122492 1.122296 1.126132 1.094518 6.999999      0   0   1
612     14.501827 21.004127 18.397362        7  39  40 608 613 617 618   1   1.068715 0.983929 1.094515 1.083404 1.018325 1.094696 7.000000      0   0   1
613     14.673802 22.054504 18.195137        7 608 609 612 614 618 619   1   1.126142 1.140997 1.083404 1.141006 1.083396 1.126140 7.000001      0   0   1
614     15.018677 23.133058 18.054861        7 609 610 613 615 619 620   1   1.152519 1.152511 1.141006 1.141006 1.122287 1.122291 7.000000      0   0   1
615     15.522471 24.154938 17.992835        7 610 611 614 616 620 621   1   1.141002 1.126132 1.141006 1.083403 1.126133 1.083398 7.000000      0   0   1
616     16.135709 25.047952 18.007883        7  43  44 611 615 621 622   1   0.983928 1.068704 1.094518 1.083403 1.094687 1.018325 7.000000      0   0   1
617     14.204127 20.757582 19.339475        7  26  27  40  41 612 618   1   1.036189 0.912323 1.036181 0.912331 1.018325 1.018331 7.000000      0   0   1
618     14.287949 21.756957 19.162778        7  25  26 612 613 617 619   1   1.068723 0.983916 1.094696 1.083396 1.018331 1.094522 7.000000      0   0   1
619     14.536362 22.812803 19.016285        7  24  25 613 614 618 620   1   1.070699 1.040347 1.126140 1.122287 1.094522 1.122493 7.000000      0   0   1
620     14.955205 23.849428 18.916442        7  23  24 614 615 619 621   1   1.040368 1.070671 1.122291 1.126133 1.122493 1.094523 7.000000      0   0   1
621     15.513364 24.789823 18.870667        7  22  23 615 616 620 622   1   0.983928 1.068694 1.083398 1.094687 1.094523 1.018331 7.000000      0   0   1
622     16.153367 25.581895 18.874820        7  21  22  42  43 616 621   1   0.912327 1.036163 0.912331 1.036171 1.018325 1.018331 7.000000      0   0   1
623     15.949254 23.443877 25.185383        7  14  15  33  34 624 625   1   0.912334 1.036187 1.036186 0.912339 1.018337 1.018334 7.000000      0   0   1
624     15.707969 24.059459 24.410882        7  15  16 623 625 626 627   1   0.983931 1.068719 1.018337 1.094702 1.094526 1.083406 7.000000      0   0   1
625     15.299495 23.048499 24.508261        7  32  33 623 624 627 628   1   1.068718 0.983935 1.018334 1.094702 1.083409 1.094526 7.000000      0   0   1
626     15.573595 24.648641 23.498306        7  16  17 624 627 629 630   1   1.040365 1.070694 1.094526 1.126146 1.122493 1.122297 6.999999      0   0   1
627     15.078114 23.646258 23.632219        7 624 625 626 628 630 631   1   1.083406 1.083409 1.126146 1.126146 1.141007 1.141008 7.000000      0   0   1
628     14.735902 22.575386 23.698006        7  31  32 625 627 631 632   1   1.070695 1.040370 1.094526 1.126146 1.122298 1.122496 7.000000      0   0   1
629     15.573594 25.160137 22.499126        7  17  18 626 630 633 634   1   1.070691 1.040366 1.122493 1.122298 1.094519 1.126142 7.000000      0   0   1
630     14.998384 24.207066 22.641747        7 626 627 629 631 634 635   1   1.122297 1.141007 1.122298 1.152523 1.141004 1.152521 7.000000      0   0   1
631     14.568333 23.142708 22.744266        7 627 628 630 632 635 636   1   1.141008 1.122298 1.152523 1.122298 1.152520 1.141007 7.000000      0   0   1
632     14.317055 22.050256 22.798670        7  30  31 628 631 636 637   1   1.040366 1.070696 1.122496 1.122298 1.126144 1.094525 7.000000      0   0   1
633     15.707968 25.555948 21.487568        7  18  19 629 634 638 639   1   1.068713 0.983929 1.094519 1.083405 1.018324 1.094695 7.000000      0   0   1
634     15.078113 24.682663 21.607658        7 629 630 633 635 639 640   1   1.126142 1.141004 1.083405 1.141007 1.083398 1.126141 7.000000      0   0   1
635     14.568334 23.667888 21.718357        7 630 631 634 636 640 641   1   1.152521 1.152520 1.141007 1.141008 1.122291 1.122295 7.000000      0   0   1
636     14.229439 22.582229 21.809970        7 631 632 635 637 641 642   1   1.141007 1.126144 1.141008 1.083405 1.126141 1.083403 7.000000      0   0   1
637     14.074072 21.512124 21.877065        7  29  30 632 636 642 643   1   0.983929 1.068717 1.094525 1.083405 1.094697 1.018332 7.000000      0   0   1
638     15.949247 25.824312 20.535334        7  19  20  21  22 633 639   1   1.036179 0.912332 0.912326 1.036171 1.018324 1.018331 7.000000      0   0   1
639     15.299491 25.043822 20.610509        7  22  23 633 634 638 640   1   0.983928 1.068701 1.094695 1.083398 1.018331 1.094523 7.000000      0   0   1
640     14.735900 24.109876 20.700464        7  23  24 634 635 639 641   1   1.040368 1.070678 1.126141 1.122291 1.094523 1.122494 7.000000      0   0   1
641     14.317055 23.073251 20.800310        7  24  25 635 636 640 642   1   1.070698 1.040353 1.122295 1.126141 1.122494 1.094523 7.000000      0   0   1
642     14.074071 22.010956 20.902627        7  25  26 636 637 641 643   1   1.068722 0.983922 1.083403 1.094697 1.094523 1.018332 7.000000      0   0   1
643     14.000000 21.000000 21.000000        7  26  27  28  29 637 642   1   1.036188 0.912329 0.912332 1.036183 1.018332 1.018332 7.000000      0   1   1
