242     40.000000 40.000000 40.000000        0   0   0   0       0   0   0   0       0   0   0   0       1   0 242      0.010000     2.689556 0.000000 
243     44.628324 31.080974 40.182281        1 308   0   0       2 244 247   0       0   0   0   0       0   0 242      0.000000     2.689556 0.000000 
244     46.351746 32.243326 40.701923        1 338   0   0       2 243 245   0       0   0   0   0       0   0 242      0.000000     2.689556 0.000000 
245     46.262868 32.656575 42.802544        1 350   0   0       2 244 246   0       0   0   0   0       0   0 242      0.000000     2.689556 0.000000 
246     44.484517 31.749655 43.581134        1 329   0   0       2 245 247   0       0   0   0   0       0   0 242      0.000000     2.689556 0.000000 
247     43.474314 30.775887 41.961734        1 311   0   0       2 243 246   0       0   0   0   0       0   0 242      0.000000     2.689556 0.000000 
248     36.190800 30.845544 41.639901        1 314   0   0       2 249 252   0       0   0   0   0       0   0 242      0.000000     2.689556 0.000000 
249     35.060452 31.839792 43.164713        1 326   0   0       2 248 250   0       0   0   0   0       0   0 242      0.000000     2.689556 0.000000 
250     33.375327 32.779860 42.233080        1 368   0   0       2 249 251   0       0   0   0   0       0   0 242      0.000000     2.689556 0.000000 
251     33.464195 32.366590 40.132438        1 383   0   0       2 250 252   0       0   0   0   0       0   0 242      0.000000     2.689556 0.000000 
252     35.204259 31.171100 39.765859        1 317   0   0       2 248 251   0       0   0   0   0       0   0 242      0.000000     2.689556 0.000000 
253     39.130951 32.209220 33.710973        1 320   0   0       2 254 257   0       0   0   0   0       0   0 242      0.000000     2.689556 0.000000 
254     38.544918 33.709808 32.298088        1 380   0   0       2 253 255   0       0   0   0   0       0   0 242      0.000000     2.689556 0.000000 
255     40.323279 34.616738 31.519488        1 395   0   0       2 254 256   0       0   0   0   0       0   0 242      0.000000     2.689556 0.000000 
256     42.008404 33.676659 32.451152        1 341   0   0       2 255 257   0       0   0   0   0       0   0 242      0.000000     2.689556 0.000000 
257     41.271491 32.188751 33.805561        1 305   0   0       2 253 256   0       0   0   0   0       0   0 242      0.000000     2.689556 0.000000 
258     47.872668 37.631757 34.219341        1 344   0   0       2 259 262   0       0   0   0   0       0   0 242      0.000000     2.689556 0.000000 
259     47.910986 39.734177 33.807340        1 392   0   0       2 258 260   0       0   0   0   0       0   0 242      0.000000     2.689556 0.000000 
260     48.921179 40.707945 35.426740        1 407   0   0       2 259 261   0       0   0   0   0       0   0 242      0.000000     2.689556 0.000000 
261     49.507212 39.207358 36.839614        1 353   0   0       2 260 262   0       0   0   0   0       0   0 242      0.000000     2.689556 0.000000 
262     48.859188 37.306190 36.093382        1 335   0   0       2 258 261   0       0   0   0   0       0   0 242      0.000000     2.689556 0.000000 
263     49.204788 40.613544 43.987331        1 356   0   0       2 264 267   0       0   0   0   0       0   0 242      0.000000     2.689556 0.000000 
264     48.529887 42.527412 44.675098        1 404   0   0       2 263 265   0       0   0   0   0       0   0 242      0.000000     2.689556 0.000000 
265     47.375856 42.222304 46.454562        1 419   0   0       2 264 266   0       0   0   0   0       0   0 242      0.000000     2.689556 0.000000 
266     47.337538 40.119874 46.866563        1 359   0   0       2 265 267   0       0   0   0   0       0   0 242      0.000000     2.689556 0.000000 
267     48.467865 39.125615 45.341730        1 347   0   0       2 263 266   0       0   0   0   0       0   0 242      0.000000     2.689556 0.000000 
268     40.638362 35.132720 48.769582        1 332   0   0       2 269 272   0       0   0   0   0       0   0 242      0.000000     2.689556 0.000000 
269     41.286386 37.033898 49.515824        1 362   0   0       2 268 270   0       0   0   0   0       0   0 242      0.000000     2.689556 0.000000 
270     39.546342 38.229408 49.882424        1 416   0   0       2 269 271   0       0   0   0   0       0   0 242      0.000000     2.689556 0.000000 
271     37.822899 37.067057 49.362761        1 371   0   0       2 270 272   0       0   0   0   0       0   0 242      0.000000     2.689556 0.000000 
272     38.497821 35.153199 48.675004        1 323   0   0       2 268 271   0       0   0   0   0       0   0 242      0.000000     2.689556 0.000000 
273     31.470113 37.472588 35.324902        1 386   0   0       2 274 277   0       0   0   0   0       0   0 242      0.000000     2.689556 0.000000 
274     30.795212 39.386456 36.012669        1 428   0   0       2 273 275   0       0   0   0   0       0   0 242      0.000000     2.689556 0.000000 
275     31.532135 40.874385 34.658270        1 458   0   0       2 274 276   0       0   0   0   0       0   0 242      0.000000     2.689556 0.000000 
276     32.662462 39.880126 33.133437        1 431   0   0       2 275 277   0       0   0   0   0       0   0 242      0.000000     2.689556 0.000000 
277     32.624144 37.777696 33.545438        1 377   0   0       2 273 276   0       0   0   0   0       0   0 242      0.000000     2.689556 0.000000 
278     40.453658 41.770592 30.117576        1 398   0   0       2 279 282   0       0   0   0   0       0   0 242      0.000000     2.689556 0.000000 
279     38.713614 42.966102 30.484176        1 434   0   0       2 278 280   0       0   0   0   0       0   0 242      0.000000     2.689556 0.000000 
280     39.361638 44.867280 31.230418        1 470   0   0       2 279 281   0       0   0   0   0       0   0 242      0.000000     2.689556 0.000000 
281     41.502179 44.846801 31.324996        1 437   0   0       2 280 282   0       0   0   0   0       0   0 242      0.000000     2.689556 0.000000 
282     42.177111 42.932943 30.637239        1 389   0   0       2 278 281   0       0   0   0   0       0   0 242      0.000000     2.689556 0.000000 
283     46.624673 47.220140 37.766920        1 410   0   0       2 284 287   0       0   0   0   0       0   0 242      0.000000     2.689556 0.000000 
284     44.939537 48.160208 36.835287        1 440   0   0       2 283 285   0       0   0   0   0       0   0 242      0.000000     2.689556 0.000000 
285     43.809200 49.154456 38.360099        1 476   0   0       2 284 286   0       0   0   0   0       0   0 242      0.000000     2.689556 0.000000 
286     44.795741 48.828900 40.234141        1 443   0   0       2 285 287   0       0   0   0   0       0   0 242      0.000000     2.689556 0.000000 
287     46.535805 47.633410 39.867562        1 401   0   0       2 283 286   0       0   0   0   0       0   0 242      0.000000     2.689556 0.000000 
288     41.455082 46.290192 47.701912        1 422   0   0       2 289 292   0       0   0   0   0       0   0 242      0.000000     2.689556 0.000000 
289     40.869049 47.790780 46.289027        1 446   0   0       2 288 290   0       0   0   0   0       0   0 242      0.000000     2.689556 0.000000 
290     38.728509 47.811249 46.194439        1 482   0   0       2 289 291   0       0   0   0   0       0   0 242      0.000000     2.689556 0.000000 
291     37.991596 46.323341 47.548848        1 449   0   0       2 290 292   0       0   0   0   0       0   0 242      0.000000     2.689556 0.000000 
292     39.676721 45.383262 48.480512        1 413   0   0       2 288 291   0       0   0   0   0       0   0 242      0.000000     2.689556 0.000000 
293     32.089014 40.265823 46.192660        1 374   0   0       2 294 297   0       0   0   0   0       0   0 242      0.000000     2.689556 0.000000 
294     32.127332 42.368243 45.780659        1 452   0   0       2 293 295   0       0   0   0   0       0   0 242      0.000000     2.689556 0.000000 
295     31.140812 42.693810 43.906618        1 461   0   0       2 294 296   0       0   0   0   0       0   0 242      0.000000     2.689556 0.000000 
296     30.492788 40.792642 43.160386        1 425   0   0       2 295 297   0       0   0   0   0       0   0 242      0.000000     2.689556 0.000000 
297     31.078821 39.292055 44.573260        1 365   0   0       2 293 296   0       0   0   0   0       0   0 242      0.000000     2.689556 0.000000 
298     35.371676 48.919026 39.817709        1 479   0   0       2 299 302   0       0   0   0   0       0   0 242      0.000000     2.689556 0.000000 
299     36.525686 49.224113 38.038266        1 473   0   0       2 298 300   0       0   0   0   0       0   0 242      0.000000     2.689556 0.000000 
300     35.515483 48.250345 36.418866        1 467   0   0       2 299 301   0       0   0   0   0       0   0 242      0.000000     2.689556 0.000000 
301     33.737132 47.343425 37.197456        1 455   0   0       2 300 302   0       0   0   0   0       0   0 242      0.000000     2.689556 0.000000 
302     33.648254 47.756674 39.298077        1 464   0   0       2 298 301   0       0   0   0   0       0   0 242      0.000000     2.689556 0.000000 
303     42.122099 30.404794 38.441000        1 308   0   0       2 304 310   0       0   0   0   0       0   0 242      0.000000     2.689556 0.000000 
304     41.135558 30.730351 36.566958        1 305   0   0       2 303 315   0       0   0   0   0       0   0 242      0.000000     2.689556 0.000000 
305     42.273811 31.449300 35.233580        3 257 304 306       0   0   0   0       0   0   0   0       0   0 242      0.000000     2.689556 0.000000 
306     44.013011 32.197800 35.307137        1 305   0   0       2 307 340   0       0   0   0   0       0   0 242      0.000000     2.689556 0.000000 
307     44.999531 31.872233 37.181189        1 308   0   0       2 306 333   0       0   0   0   0       0   0 242      0.000000     2.689556 0.000000 
308     43.952206 30.895428 38.421893        3 243 303 307       0   0   0   0       0   0   0   0       0   0 242      0.000000     2.689556 0.000000 
309     38.827528 30.120166 40.125906        1 314   0   0       2 310 316   0       0   0   0   0       0   0 242      0.000000     2.689556 0.000000 
310     40.968068 30.099696 40.220494        1 311   0   0       2 303 309   0       0   0   0   0       0   0 242      0.000000     2.689556 0.000000 
311     41.644165 30.285243 41.980841        3 247 310 312       0   0   0   0       0   0   0   0       0   0 242      0.000000     2.689556 0.000000 
312     40.824262 30.768377 43.619337        1 311   0   0       2 313 328   0       0   0   0   0       0   0 242      0.000000     2.689556 0.000000 
313     38.683721 30.788857 43.524760        1 314   0   0       2 312 321   0       0   0   0   0       0   0 242      0.000000     2.689556 0.000000 
314     38.002465 30.320066 41.819924        3 248 309 313       0   0   0   0       0   0   0   0       0   0 242      0.000000     2.689556 0.000000 
315     38.994956 30.750820 36.472359        1 320   0   0       2 304 316   0       0   0   0   0       0   0 242      0.000000     2.689556 0.000000 
316     37.840956 30.445733 38.251802        1 317   0   0       2 309 315   0       0   0   0   0       0   0 242      0.000000     2.689556 0.000000 
317     36.029353 30.971190 38.071789        3 252 316 318       0   0   0   0       0   0   0   0       0   0 242      0.000000     2.689556 0.000000 
318     35.114351 31.966780 36.744340        1 317   0   0       2 319 382   0       0   0   0   0       0   0 242      0.000000     2.689556 0.000000 
319     36.268372 32.271877 34.964876        1 320   0   0       2 318 375   0       0   0   0   0       0   0 242      0.000000     2.689556 0.000000 
320     37.992667 31.490239 35.044382        3 253 315 319       0   0   0   0       0   0   0   0       0   0 242      0.000000     2.689556 0.000000 
321     37.553343 31.783136 45.049623        1 326   0   0       2 313 322   0       0   0   0   0       0   0 242      0.000000     2.689556 0.000000 
322     38.563536 32.756905 46.669013        1 323   0   0       2 321 327   0       0   0   0   0       0   0 242      0.000000     2.689556 0.000000 
323     37.460398 33.965271 47.624704        3 272 322 324       0   0   0   0       0   0   0   0       0   0 242      0.000000     2.689556 0.000000 
324     35.748063 34.691231 47.262202        1 323   0   0       2 325 370   0       0   0   0   0       0   0 242      0.000000     2.689556 0.000000 
325     34.737870 33.717453 45.642802        1 326   0   0       2 324 363   0       0   0   0   0       0   0 242      0.000000     2.689556 0.000000 
326     35.741739 32.308593 44.869600        3 249 321 325       0   0   0   0       0   0   0   0       0   0 242      0.000000     2.689556 0.000000 
327     40.704139 32.736414 46.763601        1 332   0   0       2 322 328   0       0   0   0   0       0   0 242      0.000000     2.689556 0.000000 
328     41.834486 31.742166 45.238779        1 329   0   0       2 312 327   0       0   0   0   0       0   0 242      0.000000     2.689556 0.000000 
329     43.664583 32.232800 45.219683        3 246 328 330       0   0   0   0       0   0   0   0       0   0 242      0.000000     2.689556 0.000000 
330     44.623030 33.622865 46.079599        1 329   0   0       2 331 349   0       0   0   0   0       0   0 242      0.000000     2.689556 0.000000 
331     43.492703 34.617113 47.604422        1 332   0   0       2 330 357   0       0   0   0   0       0   0 242      0.000000     2.689556 0.000000 
332     41.741541 33.924311 47.813870        3 268 327 331       0   0   0   0       0   0   0   0       0   0 242      0.000000     2.689556 0.000000 
333     46.723016 33.034616 37.700842        1 338   0   0       2 307 334   0       0   0   0   0       0   0 242      0.000000     2.689556 0.000000 
334     47.459929 34.522535 36.346432        1 335   0   0       2 333 339   0       0   0   0   0       0   0 242      0.000000     2.689556 0.000000 
335     48.652818 35.751548 37.156944        3 262 334 336       0   0   0   0       0   0   0   0       0   0 242      0.000000     2.689556 0.000000 
336     49.094483 36.098146 38.966696        1 335   0   0       2 337 352   0       0   0   0   0       0   0 242      0.000000     2.689556 0.000000 
337     48.357560 34.610217 40.321095        1 338   0   0       2 336 345   0       0   0   0   0       0   0 242      0.000000     2.689556 0.000000 
338     47.399113 33.220162 39.461178        3 244 333 337       0   0   0   0       0   0   0   0       0   0 242      0.000000     2.689556 0.000000 
339     46.473377 34.848112 34.472328        1 344   0   0       2 334 340   0       0   0   0   0       0   0 242      0.000000     2.689556 0.000000 
340     44.749945 33.685760 33.952696        1 341   0   0       2 306 339   0       0   0   0   0       0   0 242      0.000000     2.689556 0.000000 
341     43.747657 34.425180 32.524719        3 256 340 342       0   0   0   0       0   0   0   0       0   0 242      0.000000     2.689556 0.000000 
342     43.801732 36.113748 31.666612        1 341   0   0       2 343 394   0       0   0   0   0       0   0 242      0.000000     2.689556 0.000000 
343     45.525175 37.276099 32.186286        1 344   0   0       2 342 387   0       0   0   0   0       0   0 242      0.000000     2.689556 0.000000 
344     46.679747 36.402692 33.408798        3 258 339 343       0   0   0   0       0   0   0   0       0   0 242      0.000000     2.689556 0.000000 
345     48.268672 35.023486 42.421788        1 350   0   0       2 337 346   0       0   0   0   0       0   0 242      0.000000     2.689556 0.000000 
346     48.916696 36.924654 43.168010        1 347   0   0       2 345 351   0       0   0   0   0       0   0 242      0.000000     2.689556 0.000000 
347     48.323829 37.281154 44.932059        3 267 346 348       0   0   0   0       0   0   0   0       0   0 242      0.000000     2.689556 0.000000 
348     47.049457 36.430994 46.047231        1 347   0   0       2 349 358   0       0   0   0   0       0   0 242      0.000000     2.689556 0.000000 
349     46.401433 34.529816 45.300989        1 350   0   0       2 330 348   0       0   0   0   0       0   0 242      0.000000     2.689556 0.000000 
350     47.221336 34.046681 43.662492        3 245 345 349       0   0   0   0       0   0   0   0       0   0 242      0.000000     2.689556 0.000000 
351     49.653640 38.412625 41.813569        1 356   0   0       2 346 352   0       0   0   0   0       0   0 242      0.000000     2.689556 0.000000 
352     49.742528 37.999366 39.712948        1 353   0   0       2 336 351   0       0   0   0   0       0   0 242      0.000000     2.689556 0.000000 
353     49.948898 39.553956 38.649418        3 261 352 354       0   0   0   0       0   0   0   0       0   0 242      0.000000     2.689556 0.000000 
354     49.804530 41.401131 39.046296        1 353   0   0       2 355 406   0       0   0   0   0       0   0 242      0.000000     2.689556 0.000000 
355     49.715652 41.814412 41.146937        1 356   0   0       2 354 399   0       0   0   0   0       0   0 242      0.000000     2.689556 0.000000 
356     49.797675 40.257034 42.223230        3 263 351 355       0   0   0   0       0   0   0   0       0   0 242      0.000000     2.689556 0.000000 
357     44.140738 36.518343 48.350695        1 362   0   0       2 331 358   0       0   0   0   0       0   0 242      0.000000     2.689556 0.000000 
358     45.919089 37.425273 47.572105        1 359   0   0       2 348 357   0       0   0   0   0       0   0 242      0.000000     2.689556 0.000000 
359     46.063124 39.269682 47.981766        3 266 358 360       0   0   0   0       0   0   0   0       0   0 242      0.000000     2.689556 0.000000 
360     44.827080 40.521962 48.684937        1 359   0   0       2 361 418   0       0   0   0   0       0   0 242      0.000000     2.689556 0.000000 
361     43.048708 39.615032 49.463538        1 362   0   0       2 360 411   0       0   0   0   0       0   0 242      0.000000     2.689556 0.000000 
362     43.037600 37.726720 49.306376        3 269 357 361       0   0   0   0       0   0   0   0       0   0 242      0.000000     2.689556 0.000000 
363     33.052693 34.657563 44.711128        1 368   0   0       2 325 364   0       0   0   0   0       0   0 242      0.000000     2.689556 0.000000 
364     32.377761 36.571410 45.398895        1 365   0   0       2 363 369   0       0   0   0   0       0   0 242      0.000000     2.689556 0.000000 
365     31.223189 37.444817 44.176372        3 297 364 366       0   0   0   0       0   0   0   0       0   0 242      0.000000     2.689556 0.000000 
366     30.781524 37.098229 42.366620        1 365   0   0       2 367 424   0       0   0   0   0       0   0 242      0.000000     2.689556 0.000000 
367     31.456425 35.184361 41.678853        1 368   0   0       2 366 384   0       0   0   0   0       0   0 242      0.000000     2.689556 0.000000 
368     32.371427 34.188772 43.006292        3 250 363 367       0   0   0   0       0   0   0   0       0   0 242      0.000000     2.689556 0.000000 
369     33.387985 37.545209 47.018347        1 374   0   0       2 364 370   0       0   0   0   0       0   0 242      0.000000     2.689556 0.000000 
370     35.073121 36.605130 47.949980        1 371   0   0       2 324 369   0       0   0   0   0       0   0 242      0.000000     2.689556 0.000000 
371     36.110513 37.793027 49.000249        3 271 370 372       0   0   0   0       0   0   0   0       0   0 242      0.000000     2.689556 0.000000 
372     36.121632 39.681339 49.157410        1 371   0   0       2 373 415   0       0   0   0   0       0   0 242      0.000000     2.689556 0.000000 
373     34.436507 40.621408 48.225736        1 374   0   0       2 372 447   0       0   0   0   0       0   0 242      0.000000     2.689556 0.000000 
374     33.243617 39.392384 47.415224        3 293 369 373       0   0   0   0       0   0   0   0       0   0 242      0.000000     2.689556 0.000000 
375     35.682317 33.772517 33.551949        1 380   0   0       2 319 376   0       0   0   0   0       0   0 242      0.000000     2.689556 0.000000 
376     33.942253 34.968007 33.918528        1 377   0   0       2 375 381   0       0   0   0   0       0   0 242      0.000000     2.689556 0.000000 
377     33.860219 36.525374 32.842246        3 277 376 378       0   0   0   0       0   0   0   0       0   0 242      0.000000     2.689556 0.000000 
378     35.134592 37.375535 31.727064        1 377   0   0       2 379 430   0       0   0   0   0       0   0 242      0.000000     2.689556 0.000000 
379     36.874645 36.180034 31.360464        1 380   0   0       2 378 396   0       0   0   0   0       0   0 242      0.000000     2.689556 0.000000 
380     36.820570 34.491466 32.218571        3 254 375 379       0   0   0   0       0   0   0   0       0   0 242      0.000000     2.689556 0.000000 
381     32.788202 34.662899 35.698044        1 386   0   0       2 376 382   0       0   0   0   0       0   0 242      0.000000     2.689556 0.000000 
382     33.374235 33.162311 37.110929        1 383   0   0       2 318 381   0       0   0   0   0       0   0 242      0.000000     2.689556 0.000000 
383     32.549172 33.362211 38.804947        3 251 382 384       0   0   0   0       0   0   0   0       0   0 242      0.000000     2.689556 0.000000 
384     31.545303 34.771071 39.578149        1 383   0   0       2 367 385   0       0   0   0   0       0   0 242      0.000000     2.689556 0.000000 
385     30.959270 36.271669 38.165275        1 386   0   0       2 384 423   0       0   0   0   0       0   0 242      0.000000     2.689556 0.000000 
386     31.552147 35.915169 36.401215        3 273 381 385       0   0   0   0       0   0   0   0       0   0 242      0.000000     2.689556 0.000000 
387     45.563493 39.378592 31.774264        1 392   0   0       2 343 388   0       0   0   0   0       0   0 242      0.000000     2.689556 0.000000 
388     43.878368 40.318661 30.842590        1 389   0   0       2 387 393   0       0   0   0   0       0   0 242      0.000000     2.689556 0.000000 
389     43.889487 42.206973 30.999751        3 282 388 390       0   0   0   0       0   0   0   0       0   0 242      0.000000     2.689556 0.000000 
390     44.926879 43.394870 32.050020        1 389   0   0       2 391 436   0       0   0   0   0       0   0 242      0.000000     2.689556 0.000000 
391     46.612015 42.454791 32.981653        1 392   0   0       2 390 408   0       0   0   0   0       0   0 242      0.000000     2.689556 0.000000 
392     46.756383 40.607616 32.584776        3 259 387 391       0   0   0   0       0   0   0   0       0   0 242      0.000000     2.689556 0.000000 
393     42.154873 39.156278 30.322906        1 398   0   0       2 388 394   0       0   0   0   0       0   0 242      0.000000     2.689556 0.000000 
394     42.116555 37.053847 30.734917        1 395   0   0       2 342 393   0       0   0   0   0       0   0 242      0.000000     2.689556 0.000000 
395     40.377355 36.305358 30.661349        3 255 394 396       0   0   0   0       0   0   0   0       0   0 242      0.000000     2.689556 0.000000 
396     38.653059 37.086996 30.581843        1 395   0   0       2 379 397   0       0   0   0   0       0   0 242      0.000000     2.689556 0.000000 
397     38.691387 39.189426 30.169842        1 398   0   0       2 396 429   0       0   0   0   0       0   0 242      0.000000     2.689556 0.000000 
398     40.442539 39.882228 29.960404        3 278 393 397       0   0   0   0       0   0   0   0       0   0 242      0.000000     2.689556 0.000000 
399     49.040730 43.728331 41.834725        1 404   0   0       2 355 400   0       0   0   0   0       0   0 242      0.000000     2.689556 0.000000 
400     48.454697 45.228929 40.421851        1 401   0   0       2 399 405   0       0   0   0   0       0   0 242      0.000000     2.689556 0.000000 
401     47.450828 46.637789 41.195053        3 287 400 402       0   0   0   0       0   0   0   0       0   0 242      0.000000     2.689556 0.000000 
402     46.625765 46.837689 42.889071        1 401   0   0       2 403 442   0       0   0   0   0       0   0 242      0.000000     2.689556 0.000000 
403     47.211798 45.337101 44.301956        1 404   0   0       2 402 420   0       0   0   0   0       0   0 242      0.000000     2.689556 0.000000 
404     48.447853 44.084831 43.598785        3 264 399 403       0   0   0   0       0   0   0   0       0   0 242      0.000000     2.689556 0.000000 
405     48.543564 44.815639 38.321147        1 410   0   0       2 400 406   0       0   0   0   0       0   0 242      0.000000     2.689556 0.000000 
406     49.218476 42.901771 37.633380        1 407   0   0       2 354 405   0       0   0   0   0       0   0 242      0.000000     2.689556 0.000000 
407     48.776811 42.555183 35.823628        3 260 406 408       0   0   0   0       0   0   0   0       0   0 242      0.000000     2.689556 0.000000 
408     47.622239 43.428590 34.601105        1 407   0   0       2 391 409   0       0   0   0   0       0   0 242      0.000000     2.689556 0.000000 
409     46.947307 45.342437 35.288872        1 410   0   0       2 408 435   0       0   0   0   0       0   0 242      0.000000     2.689556 0.000000 
410     47.628573 45.811228 36.993708        3 283 405 409       0   0   0   0       0   0   0   0       0   0 242      0.000000     2.689556 0.000000 
411     41.308613 40.810574 49.830158        1 416   0   0       2 361 412   0       0   0   0   0       0   0 242      0.000000     2.689556 0.000000 
412     41.346941 42.913004 49.418157        1 413   0   0       2 411 417   0       0   0   0   0       0   0 242      0.000000     2.689556 0.000000 
413     39.622645 43.694642 49.338651        3 292 412 414       0   0   0   0       0   0   0   0       0   0 242      0.000000     2.689556 0.000000 
414     37.883445 42.946153 49.265083        1 413   0   0       2 415 448   0       0   0   0   0       0   0 242      0.000000     2.689556 0.000000 
415     37.845127 40.843722 49.677094        1 416   0   0       2 372 414   0       0   0   0   0       0   0 242      0.000000     2.689556 0.000000 
416     39.557461 40.117772 50.039596        3 270 411 415       0   0   0   0       0   0   0   0       0   0 242      0.000000     2.689556 0.000000 
417     43.125365 43.819966 48.639536        1 422   0   0       2 412 418   0       0   0   0   0       0   0 242      0.000000     2.689556 0.000000 
418     44.865408 42.624465 48.272936        1 419   0   0       2 360 417   0       0   0   0   0       0   0 242      0.000000     2.689556 0.000000 
419     46.139781 43.474626 47.157754        3 265 418 420       0   0   0   0       0   0   0   0       0   0 242      0.000000     2.689556 0.000000 
420     46.057747 45.031993 46.081472        1 419   0   0       2 403 421   0       0   0   0   0       0   0 242      0.000000     2.689556 0.000000 
421     44.317683 46.227483 46.448051        1 422   0   0       2 420 441   0       0   0   0   0       0   0 242      0.000000     2.689556 0.000000 
422     43.179430 45.508534 47.781429        3 288 417 421       0   0   0   0       0   0   0   0       0   0 242      0.000000     2.689556 0.000000 
423     30.284348 38.185588 38.853063        1 428   0   0       2 385 424   0       0   0   0   0       0   0 242      0.000000     2.689556 0.000000 
424     30.195470 38.598869 40.953704        1 425   0   0       2 366 423   0       0   0   0   0       0   0 242      0.000000     2.689556 0.000000 
425     30.051102 40.446044 41.350582        3 296 424 426       0   0   0   0       0   0   0   0       0   0 242      0.000000     2.689556 0.000000 
426     30.257472 42.000634 40.287052        1 425   0   0       2 427 460   0       0   0   0   0       0   0 242      0.000000     2.689556 0.000000 
427     30.346360 41.587375 38.186431        1 428   0   0       2 426 453   0       0   0   0   0       0   0 242      0.000000     2.689556 0.000000 
428     30.202325 39.742966 37.776770        3 274 423 427       0   0   0   0       0   0   0   0       0   0 242      0.000000     2.689556 0.000000 
429     36.951292 40.384968 30.536462        1 434   0   0       2 397 430   0       0   0   0   0       0   0 242      0.000000     2.689556 0.000000 
430     35.172920 39.478038 31.315063        1 431   0   0       2 378 429   0       0   0   0   0       0   0 242      0.000000     2.689556 0.000000 
431     33.936876 40.730318 32.018234        3 276 430 432       0   0   0   0       0   0   0   0       0   0 242      0.000000     2.689556 0.000000 
432     34.080911 42.574727 32.427895        1 431   0   0       2 433 457   0       0   0   0   0       0   0 242      0.000000     2.689556 0.000000 
433     35.859262 43.481657 31.649305        1 434   0   0       2 432 465   0       0   0   0   0       0   0 242      0.000000     2.689556 0.000000 
434     36.962400 42.273280 30.693624        3 279 429 433       0   0   0   0       0   0   0   0       0   0 242      0.000000     2.689556 0.000000 
435     45.262130 46.282547 34.357198        1 440   0   0       2 409 436   0       0   0   0   0       0   0 242      0.000000     2.689556 0.000000 
436     44.251937 45.308769 32.737798        1 437   0   0       2 390 435   0       0   0   0   0       0   0 242      0.000000     2.689556 0.000000 
437     42.539602 46.034729 32.375296        3 281 436 438       0   0   0   0       0   0   0   0       0   0 242      0.000000     2.689556 0.000000 
438     41.436464 47.243095 33.330987        1 437   0   0       2 439 469   0       0   0   0   0       0   0 242      0.000000     2.689556 0.000000 
439     42.446657 48.216864 34.950377        1 440   0   0       2 438 471   0       0   0   0   0       0   0 242      0.000000     2.689556 0.000000 
440     44.258261 47.691407 35.130400        3 284 435 439       0   0   0   0       0   0   0   0       0   0 242      0.000000     2.689556 0.000000 
441     43.731628 47.728123 45.035124        1 446   0   0       2 421 442   0       0   0   0   0       0   0 242      0.000000     2.689556 0.000000 
442     44.885649 48.033220 43.255660        1 443   0   0       2 402 441   0       0   0   0   0       0   0 242      0.000000     2.689556 0.000000 
443     43.970647 49.028810 41.928211        3 286 442 444       0   0   0   0       0   0   0   0       0   0 242      0.000000     2.689556 0.000000 
444     42.159044 49.554267 41.748198        1 443   0   0       2 445 475   0       0   0   0   0       0   0 242      0.000000     2.689556 0.000000 
445     41.005044 49.249180 43.527641        1 446   0   0       2 444 477   0       0   0   0   0       0   0 242      0.000000     2.689556 0.000000 
446     42.007333 48.509761 44.955618        3 289 441 445       0   0   0   0       0   0   0   0       0   0 242      0.000000     2.689556 0.000000 
447     34.474825 42.723901 47.813714        1 452   0   0       2 373 448   0       0   0   0   0       0   0 242      0.000000     2.689556 0.000000 
448     36.198268 43.886252 48.333388        1 449   0   0       2 414 447   0       0   0   0   0       0   0 242      0.000000     2.689556 0.000000 
449     36.252343 45.574820 47.475281        3 291 448 450       0   0   0   0       0   0   0   0       0   0 242      0.000000     2.689556 0.000000 
450     35.250055 46.314240 46.047304        1 449   0   0       2 451 481   0       0   0   0   0       0   0 242      0.000000     2.689556 0.000000 
451     33.526623 45.151888 45.527672        1 452   0   0       2 450 462   0       0   0   0   0       0   0 242      0.000000     2.689556 0.000000 
452     33.320253 43.597308 46.591202        3 294 447 451       0   0   0   0       0   0   0   0       0   0 242      0.000000     2.689556 0.000000 
453     31.083304 43.075346 36.831990        1 458   0   0       2 427 454   0       0   0   0   0       0   0 242      0.000000     2.689556 0.000000 
454     31.731328 44.976514 37.578212        1 455   0   0       2 453 459   0       0   0   0   0       0   0 242      0.000000     2.689556 0.000000 
455     32.778664 45.953319 36.337508        3 301 454 456       0   0   0   0       0   0   0   0       0   0 242      0.000000     2.689556 0.000000 
456     33.598567 45.470184 34.699011        1 455   0   0       2 457 466   0       0   0   0   0       0   0 242      0.000000     2.689556 0.000000 
457     32.950543 43.569006 33.952769        1 458   0   0       2 432 456   0       0   0   0   0       0   0 242      0.000000     2.689556 0.000000 
458     31.676181 42.718846 35.067941        3 275 453 457       0   0   0   0       0   0   0   0       0   0 242      0.000000     2.689556 0.000000 
459     31.642440 45.389783 39.678905        1 464   0   0       2 454 460   0       0   0   0   0       0   0 242      0.000000     2.689556 0.000000 
460     30.905517 43.901854 41.033294        1 461   0   0       2 426 459   0       0   0   0   0       0   0 242      0.000000     2.689556 0.000000 
461     31.347182 44.248452 42.843056        3 295 460 462       0   0   0   0       0   0   0   0       0   0 242      0.000000     2.689556 0.000000 
462     32.540071 45.477465 43.653568        1 461   0   0       2 451 463   0       0   0   0   0       0   0 242      0.000000     2.689556 0.000000 
463     33.276984 46.965384 42.299158        1 464   0   0       2 462 480   0       0   0   0   0       0   0 242      0.000000     2.689556 0.000000 
464     32.600887 46.779838 40.538822        3 302 459 463       0   0   0   0       0   0   0   0       0   0 242      0.000000     2.689556 0.000000 
465     36.507297 45.382887 32.395578        1 470   0   0       2 433 466   0       0   0   0   0       0   0 242      0.000000     2.689556 0.000000 
466     35.376970 46.377135 33.920401        1 467   0   0       2 456 465   0       0   0   0   0       0   0 242      0.000000     2.689556 0.000000 
467     36.335417 47.767200 34.780317        3 300 466 468       0   0   0   0       0   0   0   0       0   0 242      0.000000     2.689556 0.000000 
468     38.165514 48.257834 34.761221        1 467   0   0       2 469 472   0       0   0   0   0       0   0 242      0.000000     2.689556 0.000000 
469     39.295861 47.263586 33.236399        1 470   0   0       2 438 468   0       0   0   0   0       0   0 242      0.000000     2.689556 0.000000 
470     38.258459 46.075689 32.186130        3 280 465 469       0   0   0   0       0   0   0   0       0   0 242      0.000000     2.689556 0.000000 
471     41.316279 49.211143 36.475240        1 476   0   0       2 439 472   0       0   0   0   0       0   0 242      0.000000     2.689556 0.000000 
472     39.175738 49.231623 36.380663        1 473   0   0       2 468 471   0       0   0   0   0       0   0 242      0.000000     2.689556 0.000000 
473     38.355835 49.714757 38.019159        3 299 472 474       0   0   0   0       0   0   0   0       0   0 242      0.000000     2.689556 0.000000 
474     39.031932 49.900304 39.779506        1 473   0   0       2 475 478   0       0   0   0   0       0   0 242      0.000000     2.689556 0.000000 
475     41.172472 49.879834 39.874094        1 476   0   0       2 444 474   0       0   0   0   0       0   0 242      0.000000     2.689556 0.000000 
476     41.997535 49.679934 38.180076        3 285 471 475       0   0   0   0       0   0   0   0       0   0 242      0.000000     2.689556 0.000000 
477     38.864442 49.269649 43.433042        1 482   0   0       2 445 478   0       0   0   0   0       0   0 242      0.000000     2.689556 0.000000 
478     37.877901 49.595206 41.559000        1 479   0   0       2 474 477   0       0   0   0   0       0   0 242      0.000000     2.689556 0.000000 
479     36.047794 49.104572 41.578107        3 298 478 480       0   0   0   0       0   0   0   0       0   0 242      0.000000     2.689556 0.000000 
480     35.000469 48.127767 42.818811        1 479   0   0       2 463 481   0       0   0   0   0       0   0 242      0.000000     2.689556 0.000000 
481     35.986989 47.802200 44.692863        1 482   0   0       2 450 480   0       0   0   0   0       0   0 242      0.000000     2.689556 0.000000 
482     37.726189 48.550700 44.766420        3 290 477 481       0   0   0   0       0   0   0   0       0   1 242      0.000000     6.629187 0.900000 
