  1     8.000000 8.000000 8.000000        1   1   0   0   0   0   0   0   0.000000 0.000000 0.000000 0.000000 0.000000 0.000000 0.000000      1   0   1
  2     11.402618 10.031287 7.455878        6  14  15  18  19  21   1   0   2.186106 2.186107 2.186107 2.186126 2.186106 4.000000 0.000000      0   0   1
  3     10.102942 8.880417 11.286716        6  15  16  17  24  27   1   0   2.186131 2.186124 2.186106 2.186151 2.186163 4.000000 0.000000      0   0   1
  4     11.402604 5.968691 8.544128        6  14  16  20  26  29   1   0   2.186132 2.186126 2.186146 2.186144 2.186165 4.000000 0.000000      0   0   1
  5     10.102922 7.119587 4.713270        6  19  20  22  28  31   1   0   2.186130 2.186124 2.186124 2.186130 2.186130 4.000000 0.000000      0   0   1
  6     8.000039 10.742630 5.088303        6  21  22  23  30  33   1   0   2.186132 2.186146 2.186126 2.186165 2.186144 4.000000 0.000000      0   0   1
  7     8.000060 11.830847 9.150918        6  17  18  23  25  32   1   0   2.186106 2.186131 2.186124 2.186151 2.186163 4.000000 0.000000      0   0   1
  8     7.999961 5.257370 10.911697        6  26  27  34  35  39   1   0   2.186144 2.186165 2.186146 2.186126 2.186132 4.000000 0.000000      0   0   1
  9     7.999940 4.169153 6.849082        6  28  29  35  36  41   1   0   2.186151 2.186163 2.186124 2.186106 2.186131 4.000000 0.000000      0   0   1
 10     5.897058 7.119583 4.713284        6  30  31  36  37  42   1   0   2.186163 2.186151 2.186106 2.186124 2.186131 4.000000 0.000000      0   0   1
 11     4.597396 10.031309 7.455872        6  32  33  37  38  43   1   0   2.186165 2.186144 2.186126 2.186146 2.186132 4.000000 0.000000      0   0   1
 12     5.897078 8.880413 11.286730        6  24  25  34  38  40   1   0   2.186130 2.186130 2.186124 2.186124 2.186130 4.000000 0.000000      0   0   1
 13     4.597382 5.968713 8.544122        6  39  40  41  42  43   1   0   2.186106 2.186126 2.186107 2.186107 2.186106 4.000000 0.000000      0   0   1
 14     12.000000 8.000000 8.000000        3   2   4   1   0   0   0   0   2.186106 2.186132 4.000000 0.000000 0.000000 0.000000 0.000000      0   0   1
 15     11.236084 9.711456 9.612042        3   2   3   1   0   0   0   0   2.186107 2.186131 4.000000 0.000000 0.000000 0.000000 0.000000      0   0   1
 16     11.236074 7.323524 10.251711        3   3   4   1   0   0   0   0   2.186124 2.186126 4.000000 0.000000 0.000000 0.000000 0.000000      0   0   1
 17     9.236108 10.769200 10.608365        3   3   7   1   0   0   0   0   2.186106 2.186106 4.000000 0.000000 0.000000 0.000000 0.000000      0   0   1
 18     10.000050 11.445663 8.356660        3   2   7   1   0   0   0   0   2.186107 2.186131 4.000000 0.000000 0.000000 0.000000 0.000000      0   0   1
 19     11.236073 8.676468 5.748285        3   2   5   1   0   0   0   0   2.186126 2.186130 4.000000 0.000000 0.000000 0.000000 0.000000      0   0   1
 20     11.236065 6.288536 6.387927        3   4   5   1   0   0   0   0   2.186146 2.186124 4.000000 0.000000 0.000000 0.000000 0.000000      0   0   1
 21     10.000038 10.806030 5.968733        3   2   6   1   0   0   0   0   2.186106 2.186132 4.000000 0.000000 0.000000 0.000000 0.000000      0   0   1
 22     9.236096 9.094575 4.356653        3   5   6   1   0   0   0   0   2.186124 2.186146 4.000000 0.000000 0.000000 0.000000 0.000000      0   0   1
 23     8.000058 11.863789 6.965042        3   6   7   1   0   0   0   0   2.186126 2.186124 4.000000 0.000000 0.000000 0.000000 0.000000      0   0   1
 24     8.000001 9.034991 11.863779        3   3  12   1   0   0   0   0   2.186151 2.186130 4.000000 0.000000 0.000000 0.000000 0.000000      0   0   1
 25     6.763962 10.769205 10.608393        3   7  12   1   0   0   0   0   2.186151 2.186130 4.000000 0.000000 0.000000 0.000000 0.000000      0   0   1
 26     9.999981 5.193944 10.031286        3   4   8   1   0   0   0   0   2.186144 2.186144 4.000000 0.000000 0.000000 0.000000 0.000000      0   0   1
 27     9.236062 6.905414 11.643354        3   3   8   1   0   0   0   0   2.186163 2.186165 4.000000 0.000000 0.000000 0.000000 0.000000      0   0   1
 28     9.236038 5.230795 5.391607        3   5   9   1   0   0   0   0   2.186130 2.186151 4.000000 0.000000 0.000000 0.000000 0.000000      0   0   1
 29     9.999974 4.554294 7.643335        3   4   9   1   0   0   0   0   2.186165 2.186163 4.000000 0.000000 0.000000 0.000000 0.000000      0   0   1
 30     6.763938 9.094586 4.356646        3   6  10   1   0   0   0   0   2.186165 2.186163 4.000000 0.000000 0.000000 0.000000 0.000000      0   0   1
 31     7.999999 6.965009 4.136221        3   5  10   1   0   0   0   0   2.186130 2.186151 4.000000 0.000000 0.000000 0.000000 0.000000      0   0   1
 32     6.000026 11.445706 8.356665        3   7  11   1   0   0   0   0   2.186163 2.186165 4.000000 0.000000 0.000000 0.000000 0.000000      0   0   1
 33     6.000019 10.806056 5.968714        3   6  11   1   0   0   0   0   2.186144 2.186144 4.000000 0.000000 0.000000 0.000000 0.000000      0   0   1
 34     6.763904 6.905425 11.643347        3   8  12   1   0   0   0   0   2.186146 2.186124 4.000000 0.000000 0.000000 0.000000 0.000000      0   0   1
 35     7.999942 4.136211 9.034958        3   8   9   1   0   0   0   0   2.186126 2.186124 4.000000 0.000000 0.000000 0.000000 0.000000      0   0   1
 36     6.763892 5.230800 5.391635        3   9  10   1   0   0   0   0   2.186106 2.186106 4.000000 0.000000 0.000000 0.000000 0.000000      0   0   1
 37     4.763926 8.676476 5.748289        3  10  11   1   0   0   0   0   2.186124 2.186126 4.000000 0.000000 0.000000 0.000000 0.000000      0   0   1
 38     4.763935 9.711464 9.612073        3  11  12   1   0   0   0   0   2.186146 2.186124 4.000000 0.000000 0.000000 0.000000 0.000000      0   0   1
 39     5.999962 5.193971 10.031267        3   8  13   1   0   0   0   0   2.186132 2.186106 4.000000 0.000000 0.000000 0.000000 0.000000      0   0   1
 40     4.763927 7.323532 10.251715        3  12  13   1   0   0   0   0   2.186130 2.186126 4.000000 0.000000 0.000000 0.000000 0.000000      0   0   1
 41     5.999950 4.554337 7.643340        3   9  13   1   0   0   0   0   2.186131 2.186107 4.000000 0.000000 0.000000 0.000000 0.000000      0   0   1
 42     4.763916 6.288544 6.387958        3  10  13   1   0   0   0   0   2.186131 2.186107 4.000000 0.000000 0.000000 0.000000 0.000000      0   0   1
 43     4.000000 8.000000 8.000000        3  11  13   1   0   0   0   0   2.186132 2.186106 4.000000 0.000000 0.000000 0.000000 0.000000      0   1   1
