  1     30.000000 30.000000 30.000000        1   1   0   0   0   0   0   0   0.000000 0.000000 0.000000 0.000000 0.000000 0.000000 0.000000      1   0   1
  2     28.489988 25.895667 24.534260        6  20  21  42  55  69   1   0   0.836198 0.836199 0.836199 0.836208 0.836198 7.000000 0.000000      0   0   1
  3     31.190907 23.149302 30.806022        6  27  28  41  90 105   1   0   0.836215 0.836208 0.836203 0.836219 0.836218 7.000000 0.000000      0   0   1
  4     24.364561 25.895683 30.629611        6  14  34  56 104 119   1   0   0.836215 0.836209 0.836218 0.836213 0.836219 7.000000 0.000000      0   0   1
  5     24.392964 31.777483 26.205041        6  49  62  70 118 133   1   0   0.836210 0.836203 0.836204 0.836205 0.836206 7.000000 0.000000      0   0   1
  6     31.236899 32.666158 23.646915        6  63  76  77 132 147   1   0   0.836215 0.836218 0.836209 0.836219 0.836213 7.000000 0.000000      0   0   1
  7     35.438207 27.333647 26.490518        6  35  48  83  91 146   1   0   0.836203 0.836215 0.836208 0.836219 0.836218 7.000000 0.000000      0   0   1
  8     28.763101 27.333842 36.353085        6  98 111 160 161 195   1   0   0.836213 0.836219 0.836218 0.836209 0.836215 7.000000 0.000000      0   0   1
  9     24.561793 32.666353 33.509482        6 112 125 167 168 209   1   0   0.836219 0.836218 0.836208 0.836203 0.836215 7.000000 0.000000      0   0   1
 10     28.809093 36.850698 29.193978        6 126 139 174 175 216   1   0   0.836218 0.836219 0.836203 0.836208 0.836215 7.000000 0.000000      0   0   1
 11     35.635439 34.104317 29.370389        6 140 153 181 182 223   1   0   0.836219 0.836213 0.836209 0.836218 0.836215 7.000000 0.000000      0   0   1
 12     35.607036 28.222517 33.794959        6  84  97 154 188 196   1   0   0.836206 0.836205 0.836204 0.836203 0.836210 7.000000 0.000000      0   0   1
 13     31.510012 34.104333 35.465740        6 189 202 203 210 217   1   0   0.836198 0.836208 0.836199 0.836199 0.836198 7.000000 0.000000      0   0   1
 14     24.539462 25.622489 29.858878        7   4  15  34  56 601 623   1   0.836215 0.939647 0.981268 0.981276 0.912339 0.912334 7.000000      0   0   1
 15     24.828862 25.390167 28.995622        7  14  16 600 601 623 624   1   0.939647 1.023969 0.983932 1.036198 1.036187 0.983931 7.000000      0   0   1
 16     25.250174 25.231667 28.075901        7  15  17 599 600 624 626   1   1.023969 1.072017 1.040363 1.068733 1.068719 1.040365 7.000000      0   0   1
 17     25.800031 25.175087 27.157382        7  16  18 598 599 626 629   1   1.072017 1.072014 1.070688 1.070709 1.070694 1.070691 7.000000      0   0   1
 18     26.448390 25.231667 26.305535        7  17  19 597 598 629 633   1   1.072014 1.023958 1.068710 1.040379 1.040366 1.068713 7.000000      0   0   1
 19     27.145635 25.390164 25.572583        7  18  20 596 597 633 638   1   1.023958 0.939632 1.036179 0.983939 0.983929 1.036179 7.000000      0   0   1
 20     27.839483 25.622480 24.983080        7   2  19  21  55 596 638   1   0.836198 0.939632 0.981256 0.981264 0.912337 0.912332 7.000000      0   0   1
 21     28.749564 25.256335 25.006599        7   2  20  22  42 622 638   1   0.836199 0.981256 0.939633 0.981248 0.912327 0.912326 7.000000      0   0   1
 22     29.062397 24.619011 25.622118        7  21  23 621 622 638 639   1   0.939633 1.023959 0.983928 1.036163 1.036171 0.983928 7.000000      0   0   1
 23     29.422392 24.035163 26.382392        7  22  24 620 621 639 640   1   1.023959 1.072014 1.040368 1.068694 1.068701 1.040368 7.000000      0   0   1
 24     29.812427 23.560816 27.261074        7  23  25 619 620 640 641   1   1.072014 1.072018 1.070699 1.070671 1.070678 1.070698 7.000000      0   0   1
 25     30.206862 23.237488 28.203995        7  24  26 618 619 641 642   1   1.072018 1.023969 1.068723 1.040347 1.040353 1.068722 7.000000      0   0   1
 26     30.579185 23.076692 29.144226        7  25  27 617 618 642 643   1   1.023969 0.939647 1.036189 0.983916 0.983922 1.036188 7.000000      0   0   1
 27     30.910086 23.059453 30.023512        7   3  26  28  41 617 643   1   0.836215 0.939647 0.981267 0.981267 0.912323 0.912329 7.000000      0   0   1
 28     30.360087 23.059454 30.836154        7   3  27  29 105 517 643   1   0.836208 0.981267 0.939642 0.981274 0.912344 0.912332 7.000000      0   0   1
 29     29.420807 23.076691 30.855762        7  28  30 516 517 637 643   1   0.939642 1.023967 0.983943 1.036192 0.983929 1.036183 7.000000      0   0   1
 30     28.409551 23.237484 30.859567        7  29  31 515 516 632 637   1   1.023967 1.072019 1.040381 1.068725 1.040366 1.068717 7.000000      0   0   1
 31     27.387574 23.560811 30.843844        7  30  32 514 515 628 632   1   1.072019 1.072019 1.070710 1.070701 1.070695 1.070696 7.000000      0   0   1
 32     26.426867 24.035159 30.808329        7  31  33 513 514 625 628   1   1.072019 1.023967 1.068734 1.040373 1.068718 1.040370 7.000000      0   0   1
 33     25.587248 24.619011 30.756693        7  32  34 512 513 623 625   1   1.023967 0.939643 1.036202 0.983936 1.036186 0.983935 7.000000      0   0   1
 34     24.899545 25.256343 30.695039        7   4  14  33 104 512 623   1   0.836209 0.981268 0.939643 0.981283 0.912339 0.912339 7.000000      0   0   1
 35     35.233929 26.598315 26.832267        7   7  36  48  91 538 602   1   0.836203 0.939635 0.981267 0.981276 0.912343 0.912339 7.000000      0   0   1
 36     34.915392 25.830324 27.270033        7  35  37 537 538 602 603   1   0.939635 1.023957 0.983940 1.036193 1.036185 0.983934 7.000000      0   0   1
 37     34.467591 25.079300 27.802879        7  36  38 536 537 603 605   1   1.023957 1.072008 1.040375 1.068726 1.068717 1.040367 7.000000      0   0   1
 38     33.896479 24.406041 28.410953        7  37  39 535 536 605 608   1   1.072008 1.072008 1.070702 1.070703 1.070693 1.070693 7.000000      0   0   1
 39     33.233983 23.863978 29.056295        7  38  40 534 535 608 612   1   1.072008 1.023957 1.068726 1.040375 1.040364 1.068715 7.000000      0   0   1
 40     32.530186 23.480472 29.693541        7  39  41 533 534 612 617   1   1.023957 0.939635 1.036193 0.983940 0.983929 1.036181 7.000000      0   0   1
 41     31.836426 23.251171 30.284328        7   3  27  40  90 533 617   1   0.836203 0.981267 0.939635 0.981276 0.912343 0.912331 7.000000      0   0   1
 42     29.315809 25.814188 24.431261        7   2  21  43  69 554 622   1   0.836199 0.981248 0.939633 0.981256 0.912332 0.912331 7.000000      0   0   1
 43     30.254991 25.793929 24.410372        7  42  44 549 554 616 622   1   0.939633 1.023959 0.983929 1.036180 0.983928 1.036171 7.000000      0   0   1
 44     31.272794 25.858137 24.502276        7  43  45 545 549 611 616   1   1.023959 1.072014 1.040365 1.068713 1.040364 1.068704 7.000000      0   0   1
 45     32.308909 26.020294 24.724502        7  44  46 542 545 607 611   1   1.072014 1.072018 1.070694 1.070691 1.070693 1.070682 7.000000      0   0   1
 46     33.290876 26.275789 25.070458        7  45  47 540 542 604 607   1   1.072018 1.023969 1.068718 1.040364 1.068717 1.040356 7.000000      0   0   1
 47     34.156992 26.601468 25.508966        7  46  48 539 540 602 604   1   1.023969 0.939647 1.036185 0.983930 1.036185 0.983922 7.000000      0   0   1
 48     34.873840 26.964455 25.996108        7   7  35  47  83 539 602   1   0.836215 0.981267 0.939647 0.981267 0.912333 0.912327 7.000000      0   0   1
 49     24.565965 31.111630 25.729691        7   5  50  62  70 580 581   1   0.836210 0.939644 0.981260 0.981260 0.912328 0.912330 7.000000      0   0   1
 50     24.852778 30.344843 25.268489        7  49  51 579 580 581 582   1   0.939644 1.023969 0.983926 1.036178 1.036179 0.983929 7.000000      0   0   1
 51     25.270783 29.502524 24.863170        7  50  52 578 579 582 584   1   1.023969 1.072021 1.040362 1.068711 1.068713 1.040367 7.000000      0   0   1
 52     25.816709 28.632310 24.556701        7  51  53 577 578 584 587   1   1.072021 1.072021 1.070691 1.070687 1.070691 1.070696 7.000000      0   0   1
 53     26.460748 27.794174 24.377898        7  52  54 576 577 587 591   1   1.072021 1.023968 1.068715 1.040359 1.040364 1.068720 7.000000      0   0   1
 54     27.153597 27.041715 24.330207        7  53  55 575 576 591 596   1   1.023968 0.939643 1.036182 0.983922 0.983929 1.036188 7.000001      0   0   1
 55     27.843263 26.406638 24.393198        7   2  20  54  69 575 596   1   0.836208 0.981264 0.939643 0.981264 0.912323 0.912331 7.000000      0   0   1
 56     23.993235 26.406658 30.081630        7   4  14  57 119 496 601   1   0.836218 0.981276 0.939653 0.981277 0.912342 0.912331 7.000000      0   0   1
 57     23.678432 27.041738 29.464767        7  56  58 495 496 595 601   1   0.939653 1.023977 0.983938 1.036200 0.983929 1.036191 7.000000      0   0   1
 58     23.465201 27.794200 28.803811        7  57  59 494 495 590 595   1   1.023977 1.072027 1.040372 1.068735 1.040364 1.068725 7.000001      0   0   1
 59     23.391836 28.632338 28.139443        7  58  60 493 494 586 590   1   1.072027 1.072023 1.070698 1.070711 1.070691 1.070701 7.000000      0   0   1
 60     23.473457 29.502548 27.518713        7  59  61 492 493 583 586   1   1.072023 1.023968 1.068722 1.040379 1.068713 1.040371 7.000000      0   0   1
 61     23.694392 30.344861 26.980004        7  60  62 491 492 581 583   1   1.023968 0.939640 1.036190 0.983938 1.036179 0.983935 7.000000      0   0   1
 62     24.015962 31.111640 26.542321        7   5  49  61 118 491 581   1   0.836203 0.981260 0.939640 0.981274 0.912335 0.912336 7.000000      0   0   1
 63     30.953007 31.940971 23.342342        7   6  64  76  77 559 560   1   0.836215 0.939647 0.981276 0.981268 0.912329 0.912344 7.000000      0   0   1
 64     30.617927 31.093426 23.113594        7  63  65 558 559 560 561   1   0.939647 1.023969 0.983922 1.036190 1.036195 0.983940 7.000000      0   0   1
 65     30.240257 30.147786 23.005686        7  64  66 557 558 561 563   1   1.023969 1.072017 1.040353 1.068723 1.068727 1.040374 7.000000      0   0   1
 66     29.839460 29.154642 23.053088        7  65  67 556 557 563 566   1   1.072017 1.072014 1.070678 1.070699 1.070702 1.070700 7.000000      0   0   1
 67     29.442429 28.181328 23.263417        7  66  68 555 556 566 570   1   1.072014 1.023958 1.068701 1.040369 1.040372 1.068720 7.000000      0   0   1
 68     29.075310 27.291238 23.611920        7  67  69 554 555 570 575   1   1.023958 0.939632 1.036170 0.983929 0.983934 1.036185 7.000000      0   0   1
 69     28.755695 26.525112 24.052155        7   2  42  55  68 554 575   1   0.836198 0.981256 0.981264 0.939632 0.912327 0.912335 7.000000      0   0   1
 70     24.932176 32.014273 25.611394        7   5  49  71 133 475 580   1   0.836204 0.981260 0.939640 0.981274 0.912335 0.912335 7.000000      0   0   1
 71     25.624073 32.245939 25.019336        7  70  72 474 475 574 580   1   0.939640 1.023968 0.983938 1.036191 0.983934 1.036179 7.000000      0   0   1
 72     26.467507 32.452219 24.476585        7  71  73 473 474 569 574   1   1.023968 1.072024 1.040379 1.068722 1.040372 1.068715 7.000000      0   0   1
 73     27.431278 32.611905 24.035134        7  72  74 472 473 565 569   1   1.072024 1.072027 1.070711 1.070699 1.070701 1.070695 7.000000      0   0   1
 74     28.455300 32.710333 23.733581        7  73  75 471 472 562 565   1   1.072027 1.023977 1.068735 1.040372 1.068727 1.040370 7.000001      0   0   1
 75     29.467510 32.745008 23.582727        7  74  76 470 471 560 562   1   1.023977 0.939653 1.036200 0.983938 1.036194 0.983936 7.000000      0   0   1
 76     30.406788 32.725146 23.565088        7   6  63  75 132 470 560   1   0.836218 0.981276 0.939653 0.981277 0.912342 0.912340 7.000000      0   0   1
 77     31.879349 32.132691 23.603151        7   6  63  78 147 454 559   1   0.836209 0.981268 0.939643 0.981283 0.912338 0.912331 7.000000      0   0   1
 78     32.568934 31.497213 23.662893        7  77  79 453 454 553 559   1   0.939643 1.023968 0.983936 1.036202 0.983929 1.036183 7.000000      0   0   1
 79     33.267389 30.774289 23.857960        7  78  80 452 453 548 553   1   1.023968 1.072019 1.040372 1.068734 1.040365 1.068718 7.000000      0   0   1
 80     33.923525 29.999884 24.202937        7  79  81 451 452 544 548   1   1.072019 1.072019 1.070701 1.070710 1.070694 1.070696 7.000000      0   0   1
 81     34.487641 29.225483 24.683873        7  80  82 450 451 541 544   1   1.072019 1.023967 1.068725 1.040381 1.068718 1.040370 7.000000      0   0   1
 82     34.928317 28.502566 25.259812        7  81  83 449 450 539 541   1   1.023967 0.939642 1.036192 0.983943 1.036186 0.983936 7.000000      0   0   1
 83     35.240066 27.867100 25.877810        7   7  48  82 146 449 539   1   0.836208 0.981267 0.939642 0.981274 0.912344 0.912339 7.000000      0   0   1
 84     35.391498 27.427846 33.649077        7  12  85  97 154 433 518   1   0.836206 0.939642 0.981250 0.981274 0.912333 0.912333 7.000000      0   0   1
 85     35.057633 26.579082 33.423109        7  84  86 432 433 518 519   1   0.939642 1.023971 0.983936 1.036191 1.036170 0.983934 7.000000      0   0   1
 86     34.590211 25.724712 33.106747        7  85  87 431 432 519 521   1   1.023971 1.072027 1.040377 1.068723 1.068705 1.040373 7.000000      0   0   1
 87     33.995747 24.928489 32.704400        7  86  88 430 431 521 524   1   1.072027 1.072030 1.070708 1.070700 1.070684 1.070704 6.999999      0   0   1
 88     33.307565 24.251210 32.238623        7  87  89 429 430 524 528   1   1.072030 1.023980 1.068732 1.040373 1.040358 1.068729 7.000000      0   0   1
 89     32.577611 23.730041 31.744574        7  88  90 428 429 528 533   1   1.023980 0.939655 1.036197 0.983938 0.983924 1.036196 7.000000      0   0   1
 90     31.858943 23.369664 31.258163        7   3  41  89 105 428 533   1   0.836219 0.981276 0.939655 0.981275 0.912342 0.912328 7.000000      0   0   1
 91     35.822702 27.274671 27.230753        7   7  35  92 146 344 538   1   0.836219 0.981276 0.939655 0.981275 0.912346 0.912327 7.000000      0   0   1
 92     36.155427 27.254826 28.109304        7  91  93 339 344 532 538   1   0.939655 1.023980 0.983945 1.036193 0.983924 1.036196 7.000000      0   0   1
 93     36.391590 27.289523 29.105074        7  92  94 335 339 527 532   1   1.023980 1.072030 1.040382 1.068725 1.040358 1.068729 7.000001      0   0   1
 94     36.492239 27.387978 30.167818        7  93  95 332 335 523 527   1   1.072030 1.072027 1.070709 1.070698 1.070684 1.070704 6.999999      0   0   1
 95     36.440621 27.547694 31.226623        7  94  96 330 332 520 523   1   1.072027 1.023971 1.068731 1.040367 1.068705 1.040374 7.000000      0   0   1
 96     36.250232 27.754004 32.211359        7  95  97 329 330 518 520   1   1.023971 0.939642 1.036195 0.983929 1.036170 0.983934 7.000000      0   0   1
 97     35.957745 27.985700 33.073737        7  12  84  96 188 329 518   1   0.836205 0.981250 0.939642 0.981274 0.912329 0.912333 7.000000      0   0   1
 98     28.094354 26.964638 36.012910        7   8  99 111 161 412 497   1   0.836213 0.939650 0.981268 0.981283 0.912335 0.912348 7.000000      0   0   1
 99     27.375680 26.601633 35.528476        7  98 100 411 412 497 498   1   0.939650 1.023977 0.983934 1.036203 1.036188 0.983949 7.000000      0   0   1
100     26.646675 26.275930 34.887384        7  99 101 410 411 498 500   1   1.023977 1.072031 1.040371 1.068738 1.068722 1.040388 7.000001      0   0   1
101     25.960534 26.020408 34.104333        7 100 102 409 410 500 503   1   1.072031 1.072031 1.070699 1.070714 1.070699 1.070717 7.000000      0   0   1
102     25.369134 25.858222 33.225020        7 101 103 408 409 503 507   1   1.072031 1.023977 1.068722 1.040385 1.040371 1.068740 7.000000      0   0   1
103     24.905529 25.793986 32.314265        7 102 104 407 408 507 512   1   1.023977 0.939650 1.036188 0.983947 0.983934 1.036204 7.000000      0   0   1
104     24.575863 25.814223 31.434576        7   4  34 103 119 407 512   1   0.836213 0.981283 0.939650 0.981268 0.912347 0.912335 7.000000      0   0   1
105     30.946503 23.251174 31.599212        7   3  28  90 106 428 517   1   0.836218 0.981274 0.981275 0.939658 0.912340 0.912334 7.000000      0   0   1
106     30.655882 23.480485 32.462874        7 105 107 423 428 511 517   1   0.939658 1.023988 0.983940 1.036194 0.983934 1.036196 7.000000      0   0   1
107     30.325859 23.864009 33.353124        7 106 108 419 423 506 511   1   1.023988 1.072043 1.040378 1.068729 1.040371 1.068732 7.000000      0   0   1
108     29.972967 24.406103 34.208038        7 107 109 416 419 502 506   1   1.072043 1.072043 1.070708 1.070708 1.070699 1.070710 7.000000      0   0   1
109     29.620709 25.079399 34.964254        7 108 110 414 416 499 502   1   1.072043 1.023988 1.068732 1.040381 1.068722 1.040381 7.000000      0   0   1
110     29.292462 25.830461 35.578022        7 109 111 413 414 497 499   1   1.023988 0.939659 1.036198 0.983944 1.036188 0.983942 7.000000      0   0   1
111     29.004444 26.598485 36.036436        7   8  98 110 160 413 497   1   0.836219 0.981268 0.939659 0.981277 0.912345 0.912341 7.000000      0   0   1
112     24.177298 32.725329 32.769247        7   9 113 125 168 391 476   1   0.836219 0.939655 0.981275 0.981276 0.912325 0.912347 7.000000      0   0   1
113     23.844573 32.745174 31.890696        7 112 114 390 391 476 477   1   0.939655 1.023980 0.983920 1.036198 1.036195 0.983947 7.000000      0   0   1
114     23.608410 32.710477 30.894926        7 113 115 389 390 477 479   1   1.023980 1.072030 1.040352 1.068734 1.068729 1.040385 7.000001      0   0   1
115     23.507761 32.612022 29.832182        7 114 116 388 389 479 482   1   1.072030 1.072027 1.070678 1.070710 1.070705 1.070714 6.999999      0   0   1
116     23.559379 32.452306 28.773377        7 115 117 387 388 482 486   1   1.072027 1.023971 1.068700 1.040379 1.040376 1.068735 7.000000      0   0   1
117     23.749768 32.245996 27.788641        7 116 118 386 387 486 491   1   1.023971 0.939642 1.036167 0.983939 0.983938 1.036200 7.000000      0   0   1
118     24.042255 32.014300 26.926263        7   5  62 117 133 386 491   1   0.836205 0.981274 0.939642 0.981250 0.912335 0.912338 7.000000      0   0   1
119     24.015736 26.525152 31.055467        7   4  56 104 120 407 496   1   0.836219 0.981277 0.981268 0.939659 0.912340 0.912338 7.000000      0   0   1
120     23.725822 27.291308 31.515808        7 119 121 402 407 490 496   1   0.939659 1.023988 0.983940 1.036188 0.983938 1.036196 7.000000      0   0   1
121     23.538730 28.181433 31.986154        7 120 122 398 402 485 490   1   1.023988 1.072043 1.040377 1.068723 1.040376 1.068733 7.000000      0   0   1
122     23.491041 29.154784 32.432911        7 121 123 395 398 481 485   1   1.072043 1.072043 1.070706 1.070699 1.070705 1.070712 7.000000      0   0   1
123     23.596017 30.147958 32.822605        7 122 124 393 395 478 481   1   1.072043 1.023988 1.068729 1.040371 1.068729 1.040384 7.000000      0   0   1
124     23.836585 31.093616 33.133100        7 123 125 392 393 476 478   1   1.023988 0.939658 1.036194 0.983933 1.036195 0.983946 7.000000      0   0   1
125     24.173507 31.941169 33.359143        7   9 112 124 167 392 476   1   0.836218 0.981275 0.939658 0.981274 0.912334 0.912347 7.000000      0   0   1
126     29.053497 36.748826 28.400788        7  10 127 139 175 370 455   1   0.836218 0.939658 0.981275 0.981274 0.912335 0.912346 7.000000      0   0   1
127     29.344118 36.519515 27.537126        7 126 128 369 370 455 456   1   0.939658 1.023988 0.983936 1.036196 1.036195 0.983946 7.000000      0   0   1
128     29.674141 36.135991 26.646876        7 127 129 368 369 456 458   1   1.023988 1.072043 1.040375 1.068732 1.068729 1.040384 7.000000      0   0   1
129     30.027033 35.593897 25.791962        7 128 130 367 368 458 461   1   1.072043 1.072043 1.070703 1.070709 1.070706 1.070711 7.000000      0   0   1
130     30.379291 34.920601 25.035746        7 129 131 366 367 461 465   1   1.072043 1.023988 1.068726 1.040380 1.040376 1.068733 7.000000      0   0   1
131     30.707538 34.169539 24.421978        7 130 132 365 366 465 470   1   1.023988 0.939659 1.036190 0.983942 0.983938 1.036196 7.000000      0   0   1
132     30.995556 33.401515 23.963564        7   6  76 131 147 365 470   1   0.836219 0.981277 0.939659 0.981268 0.912342 0.912338 7.000000      0   0   1
133     24.608502 32.572154 26.350923        7   5  70 118 134 386 475   1   0.836206 0.981274 0.981250 0.939642 0.912338 0.912338 7.000000      0   0   1
134     24.942367 33.420918 26.576891        7 133 135 381 386 469 475   1   0.939642 1.023971 0.983937 1.036173 0.983938 1.036200 7.000000      0   0   1
135     25.409789 34.275288 26.893253        7 134 136 377 381 464 469   1   1.023971 1.072027 1.040374 1.068707 1.040376 1.068736 7.000000      0   0   1
136     26.004253 35.071511 27.295600        7 135 137 374 377 460 464   1   1.072027 1.072030 1.070703 1.070684 1.070706 1.070714 6.999999      0   0   1
137     26.692435 35.748790 27.761377        7 136 138 372 374 457 460   1   1.072030 1.023980 1.068727 1.040358 1.068729 1.040385 7.000000      0   0   1
138     27.422389 36.269959 28.255426        7 137 139 371 372 455 457   1   1.023980 0.939655 1.036195 0.983923 1.036195 0.983947 7.000000      0   0   1
139     28.141057 36.630336 28.741837        7  10 126 138 174 371 455   1   0.836219 0.981275 0.939655 0.981276 0.912327 0.912347 7.000000      0   0   1
140     35.984264 33.474848 28.944533        7  11 141 153 182 349 434   1   0.836219 0.939659 0.981268 0.981277 0.912346 0.912341 7.000000      0   0   1
141     36.274178 32.708692 28.484192        7 140 142 348 349 434 435   1   0.939659 1.023988 0.983946 1.036200 1.036188 0.983942 7.000000      0   0   1
142     36.461270 31.818567 28.013846        7 141 143 347 348 435 437   1   1.023988 1.072043 1.040384 1.068737 1.068723 1.040381 7.000000      0   0   1
143     36.508959 30.845216 27.567089        7 142 144 346 347 437 440   1   1.072043 1.072043 1.070712 1.070716 1.070700 1.070710 7.000000      0   0   1
144     36.403983 29.852042 27.177395        7 143 145 345 346 440 444   1   1.072043 1.023988 1.068733 1.040387 1.040371 1.068732 7.000000      0   0   1
145     36.163415 28.906384 26.866900        7 144 146 344 345 444 449   1   1.023988 0.939658 1.036197 0.983949 0.983934 1.036196 7.000000      0   0   1
146     35.826493 28.058831 26.640857        7   7  83  91 145 344 449   1   0.836218 0.981274 0.981275 0.939658 0.912347 0.912334 7.000000      0   0   1
147     31.905646 33.035362 23.987090        7   6  77 132 148 365 454   1   0.836213 0.981283 0.981268 0.939650 0.912346 0.912335 7.000000      0   0   1
148     32.624320 33.398367 24.471524        7 147 149 360 365 448 454   1   0.939650 1.023977 0.983946 1.036186 0.983934 1.036204 7.000000      0   0   1
149     33.353325 33.724070 25.112616        7 148 150 356 360 443 448   1   1.023977 1.072031 1.040384 1.068719 1.040371 1.068740 7.000001      0   0   1
150     34.039466 33.979592 25.895667        7 149 151 353 356 439 443   1   1.072031 1.072031 1.070713 1.070696 1.070699 1.070717 7.000000      0   0   1
151     34.630866 34.141778 26.774980        7 150 152 351 353 436 439   1   1.072031 1.023977 1.068737 1.040367 1.068723 1.040388 7.000000      0   0   1
152     35.094471 34.206014 27.685735        7 151 153 350 351 434 436   1   1.023977 0.939650 1.036203 0.983931 1.036188 0.983950 7.000000      0   0   1
153     35.424137 34.185777 28.565424        7  11 140 152 181 350 434   1   0.836213 0.981268 0.939650 0.981283 0.912334 0.912348 7.000000      0   0   1
154     35.067824 27.985727 34.388606        7  12  84 155 196 328 433   1   0.836204 0.981274 0.939640 0.981260 0.912339 0.912339 7.000000      0   0   1
155     34.375927 27.754061 34.980664        7 154 156 327 328 427 433   1   0.939640 1.023968 0.983942 1.036176 0.983940 1.036199 7.000000      0   0   1
156     33.532493 27.547781 35.523415        7 155 157 326 327 422 427   1   1.023968 1.072024 1.040382 1.068710 1.040378 1.068735 7.000000      0   0   1
157     32.568722 27.388095 35.964866        7 156 158 325 326 418 422   1   1.072024 1.072027 1.070712 1.070688 1.070708 1.070713 7.000000      0   0   1
158     31.544700 27.289667 36.266419        7 157 159 324 325 415 418   1   1.072027 1.023977 1.068735 1.040363 1.068732 1.040385 7.000001      0   0   1
159     30.532490 27.254992 36.417273        7 158 160 323 324 413 415   1   1.023977 0.939653 1.036199 0.983931 1.036198 0.983948 7.000000      0   0   1
160     29.593212 27.274854 36.434912        7   8 111 159 195 323 413   1   0.836218 0.981277 0.939653 0.981276 0.912337 0.912347 7.000000      0   0   1
161     28.120651 27.867309 36.396849        7   8  98 162 195 307 412   1   0.836209 0.981283 0.939643 0.981268 0.912340 0.912340 7.000000      0   0   1
162     27.431066 28.502787 36.337107        7 161 163 306 307 406 412   1   0.939643 1.023968 0.983937 1.036188 0.983939 1.036203 7.000000      0   0   1
163     26.732611 29.225711 36.142040        7 162 164 305 306 401 406   1   1.023968 1.072019 1.040372 1.068723 1.040377 1.068736 7.000000      0   0   1
164     26.076475 30.000116 35.797063        7 163 165 304 305 397 401   1   1.072019 1.072019 1.070699 1.070700 1.070706 1.070713 7.000000      0   0   1
165     25.512359 30.774517 35.316127        7 164 166 303 304 394 397   1   1.072019 1.023967 1.068720 1.040374 1.068729 1.040384 7.000000      0   0   1
166     25.071683 31.497434 34.740188        7 165 167 302 303 392 394   1   1.023967 0.939642 1.036186 0.983938 1.036195 0.983946 7.000000      0   0   1
167     24.759934 32.132900 34.122190        7   9 125 166 209 302 392   1   0.836208 0.981274 0.939642 0.981267 0.912340 0.912346 7.000000      0   0   1
168     24.766071 33.401685 33.167733        7   9 112 169 209 286 391   1   0.836203 0.981276 0.939635 0.981267 0.912339 0.912338 7.000000      0   0   1
169     25.084608 34.169676 32.729967        7 168 170 285 286 385 391   1   0.939635 1.023957 0.983934 1.036185 0.983937 1.036191 7.000000      0   0   1
170     25.532409 34.920700 32.197121        7 169 171 284 285 380 385   1   1.023957 1.072008 1.040369 1.068718 1.040374 1.068724 7.000000      0   0   1
171     26.103521 35.593959 31.589047        7 170 172 283 284 376 380   1   1.072008 1.072008 1.070695 1.070695 1.070703 1.070702 7.000000      0   0   1
172     26.766017 36.136022 30.943705        7 171 173 282 283 373 376   1   1.072008 1.023957 1.068717 1.040369 1.068728 1.040375 7.000000      0   0   1
173     27.469814 36.519528 30.306459        7 172 174 281 282 371 373   1   1.023957 0.939635 1.036185 0.983934 1.036195 0.983941 7.000000      0   0   1
174     28.163574 36.748829 29.715672        7  10 139 173 216 281 371   1   0.836203 0.981276 0.939635 0.981267 0.912339 0.912344 7.000000      0   0   1
175     29.639913 36.940546 29.163846        7  10 126 176 216 265 370   1   0.836208 0.981274 0.939642 0.981267 0.912340 0.912346 7.000000      0   0   1
176     30.579193 36.923309 29.144238        7 175 177 264 265 364 370   1   0.939642 1.023967 0.983937 1.036187 0.983946 1.036193 7.000000      0   0   1
177     31.590449 36.762516 29.140433        7 176 178 263 264 359 364   1   1.023967 1.072019 1.040372 1.068720 1.040384 1.068726 7.000000      0   0   1
178     32.612426 36.439189 29.156156        7 177 179 262 263 355 359   1   1.072019 1.072019 1.070700 1.070698 1.070713 1.070702 7.000000      0   0   1
179     33.573133 35.964841 29.191671        7 178 180 261 262 352 355   1   1.072019 1.023967 1.068722 1.040372 1.068737 1.040373 7.000000      0   0   1
180     34.412752 35.380989 29.243307        7 179 181 260 261 350 352   1   1.023967 0.939643 1.036188 0.983937 1.036203 0.983937 7.000000      0   0   1
181     35.100455 34.743657 29.304961        7  11 153 180 223 260 350   1   0.836209 0.981283 0.939643 0.981268 0.912340 0.912339 7.000000      0   0   1
182     36.006765 33.593342 29.918370        7  11 140 183 223 244 349   1   0.836218 0.981277 0.939653 0.981276 0.912338 0.912346 7.000000      0   0   1
183     36.321568 32.958262 30.535233        7 182 184 243 244 343 349   1   0.939653 1.023977 0.983931 1.036200 0.983945 1.036196 7.000000      0   0   1
184     36.534799 32.205800 31.196189        7 183 185 242 243 338 343   1   1.023977 1.072027 1.040363 1.068735 1.040381 1.068727 7.000001      0   0   1
185     36.608164 31.367662 31.860557        7 184 186 241 242 334 338   1   1.072027 1.072023 1.070688 1.070713 1.070709 1.070701 7.000000      0   0   1
186     36.526543 30.497452 32.481287        7 185 187 240 241 331 334   1   1.072023 1.023968 1.068710 1.040382 1.068730 1.040369 7.000000      0   0   1
187     36.305608 29.655139 33.019996        7 186 188 239 240 329 331   1   1.023968 0.939640 1.036177 0.983942 1.036195 0.983931 7.000000      0   0   1
188     35.984038 28.888360 33.457679        7  12  97 187 196 239 329   1   0.836203 0.981274 0.939640 0.981260 0.912340 0.912331 7.000000      0   0   1
189     31.244305 33.474888 35.947845        7  13 190 202 203 287 308   1   0.836198 0.939632 0.981264 0.981256 0.912324 0.912333 7.000000      0   0   1
190     30.924690 32.708762 36.388079        7 189 191 287 289 308 309   1   0.939632 1.023958 1.036175 0.983922 1.036183 0.983931 7.000000      0   0   1
191     30.557571 31.818672 36.736583        7 190 192 289 292 309 311   1   1.023958 1.072013 1.068709 1.040359 1.068717 1.040367 7.000000      0   0   1
192     30.160540 30.845358 36.946912        7 191 193 292 296 311 314   1   1.072013 1.072017 1.070688 1.070689 1.070695 1.070697 7.000000      0   0   1
193     29.759743 29.852214 36.994314        7 192 194 296 301 314 318   1   1.072017 1.023969 1.040362 1.068715 1.040368 1.068721 7.000000      0   0   1
194     29.382073 28.906574 36.886406        7 193 195 301 307 318 323   1   1.023969 0.939648 0.983929 1.036185 0.983933 1.036190 7.000000      0   0   1
195     29.046993 28.059029 36.657658        7   8 160 161 194 307 323   1   0.836215 0.981276 0.981268 0.939648 0.912333 0.912336 7.000000      0   0   1
196     35.434035 28.888370 34.270309        7  12 154 188 197 239 328   1   0.836210 0.981260 0.981260 0.939644 0.912336 0.912336 7.000000      0   0   1
197     35.147222 29.655157 34.731511        7 196 198 234 239 322 328   1   0.939644 1.023969 0.983934 1.036181 0.983934 1.036181 7.000000      0   0   1
198     34.729217 30.497476 35.136830        7 197 199 230 234 317 322   1   1.023969 1.072021 1.040368 1.068712 1.040368 1.068712 7.000000      0   0   1
199     34.183291 31.367690 35.443299        7 198 200 227 230 313 317   1   1.072021 1.072021 1.070695 1.070687 1.070695 1.070687 7.000000      0   0   1
200     33.539252 32.205826 35.622102        7 199 201 225 227 310 313   1   1.072021 1.023968 1.068718 1.040358 1.068718 1.040358 7.000000      0   0   1
201     32.846403 32.958285 35.669793        7 200 202 224 225 308 310   1   1.023968 0.939643 1.036183 0.983921 1.036183 0.983921 7.000001      0   0   1
202     32.156737 33.593362 35.606802        7  13 189 201 217 224 308   1   0.836208 0.981264 0.939643 0.981264 0.912323 0.912323 7.000000      0   0   1
203     30.684191 34.185812 35.568739        7  13 189 204 210 266 287   1   0.836199 0.981256 0.939633 0.981248 0.912324 0.912323 7.000000      0   0   1
204     29.745009 34.206071 35.589628        7 203 205 266 268 287 288   1   0.939633 1.023959 1.036167 0.983922 1.036175 0.983921 7.000000      0   0   1
205     28.727206 34.141863 35.497724        7 204 206 268 271 288 290   1   1.023959 1.072014 1.068701 1.040360 1.068709 1.040358 7.000000      0   0   1
206     27.691091 33.979706 35.275498        7 205 207 271 275 290 293   1   1.072014 1.072018 1.070680 1.070690 1.070688 1.070689 7.000000      0   0   1
207     26.709124 33.724211 34.929542        7 206 208 275 280 293 297   1   1.072018 1.023969 1.040355 1.068716 1.040363 1.068715 7.000000      0   0   1
208     25.843008 33.398532 34.491034        7 207 209 280 286 297 302   1   1.023969 0.939647 0.983922 1.036185 0.983929 1.036184 7.000000      0   0   1
209     25.126160 33.035545 34.003892        7   9 167 168 208 286 302   1   0.836215 0.981267 0.981267 0.939647 0.912327 0.912333 7.000000      0   0   1
210     31.250436 34.743665 34.993401        7  13 203 211 217 245 266   1   0.836199 0.981248 0.939633 0.981256 0.912323 0.912324 7.000000      0   0   1
211     30.937603 35.380989 34.377882        7 210 212 245 247 266 267   1   0.939633 1.023959 1.036175 0.983921 1.036167 0.983923 7.000000      0   0   1
212     30.577608 35.964837 33.617608        7 211 213 247 250 267 269   1   1.023959 1.072014 1.068709 1.040358 1.068701 1.040360 7.000000      0   0   1
213     30.187573 36.439184 32.738926        7 212 214 250 254 269 272   1   1.072014 1.072018 1.070688 1.070689 1.070680 1.070690 7.000000      0   0   1
214     29.793138 36.762512 31.796005        7 213 215 254 259 272 276   1   1.072018 1.023969 1.040363 1.068715 1.040355 1.068716 7.000000      0   0   1
215     29.420815 36.923308 30.855774        7 214 216 259 265 276 281   1   1.023969 0.939647 0.983929 1.036184 0.983922 1.036185 7.000000      0   0   1
216     29.089914 36.940547 29.976488        7  10 174 175 215 265 281   1   0.836215 0.981267 0.981267 0.939647 0.912333 0.912327 7.000000      0   0   1
217     32.160518 34.377520 35.016920        7  13 202 210 218 224 245   1   0.836198 0.981264 0.981256 0.939632 0.912333 0.912324 7.000000      0   0   1
218     32.854365 34.609835 34.427417        7 217 219 224 226 245 246   1   0.939632 1.023958 1.036183 0.983931 1.036175 0.983922 7.000000      0   0   1
219     33.551610 34.768333 33.694465        7 218 220 226 229 246 248   1   1.023958 1.072013 1.068717 1.040367 1.068709 1.040359 7.000000      0   0   1
220     34.199968 34.824913 32.842618        7 219 221 229 233 248 251   1   1.072013 1.072017 1.070695 1.070697 1.070688 1.070689 7.000000      0   0   1
221     34.749826 34.768332 31.924099        7 220 222 233 238 251 255   1   1.072017 1.023969 1.040368 1.068721 1.040363 1.068715 7.000000      0   0   1
222     35.171138 34.609832 31.004379        7 221 223 238 244 255 260   1   1.023969 0.939648 0.983933 1.036190 0.983929 1.036185 7.000000      0   0   1
223     35.460538 34.377511 30.141122        7  11 181 182 222 244 260   1   0.836215 0.981268 0.981276 0.939648 0.912336 0.912333 7.000000      0   0   1
224     32.881958 33.825977 35.104529        7 201 202 217 218 225 226   1   1.036183 0.912323 0.912333 1.036183 1.018334 1.018325 7.000000      0   0   1
225     33.628995 33.133938 35.099884        7 200 201 224 226 227 228   1   1.068718 0.983921 1.018334 1.094700 1.094527 1.083398 7.000000      0   0   1
226     33.633214 34.008748 34.441812        7 218 219 224 225 228 229   1   0.983931 1.068717 1.018325 1.094700 1.083408 1.094519 7.000000      0   0   1
227     34.345976 32.316488 34.974572        7 199 200 225 228 230 231   1   1.070695 1.040358 1.094527 1.126147 1.122499 1.122293 6.999999      0   0   1
228     34.407339 33.255643 34.356163        7 225 226 227 229 231 232   1   1.083398 1.083408 1.126147 1.126147 1.141012 1.141005 7.000000      0   0   1
229     34.354631 34.110536 33.625008        7 219 220 226 228 232 233   1   1.040367 1.070695 1.094519 1.126147 1.122301 1.122494 7.000000      0   0   1
230     34.970811 31.419460 34.719763        7 198 199 227 231 234 235   1   1.040368 1.070687 1.122499 1.122301 1.094529 1.126143 7.000000      0   0   1
231     35.108229 32.378453 34.153187        7 227 228 230 232 235 236   1   1.122293 1.141012 1.122301 1.152527 1.141013 1.152523 7.000000      0   0   1
232     35.112673 33.299474 33.460353        7 228 229 231 233 236 237   1   1.141005 1.122301 1.152527 1.122301 1.152529 1.141010 7.000000      0   0   1
233     34.983797 34.110536 32.695415        7 220 221 229 232 237 238   1   1.070697 1.040368 1.122494 1.122301 1.126151 1.094527 7.000000      0   0   1
234     35.457080 30.509494 34.354388        7 197 198 230 235 239 240   1   0.983934 1.068712 1.094529 1.083410 1.018338 1.094699 7.000000      0   0   1
235     35.673396 31.438067 33.839862        7 230 231 234 236 240 241   1   1.126143 1.141013 1.083410 1.141013 1.083412 1.126147 7.000000      0   0   1
236     35.754227 32.378451 33.198726        7 231 232 235 237 241 242   1   1.152523 1.152529 1.141013 1.141013 1.122304 1.122301 7.000000      0   0   1
237     35.682170 33.255641 32.472601        7 232 233 236 238 242 243   1   1.141010 1.126151 1.141013 1.083410 1.126152 1.083411 7.000000      0   0   1
238     35.473971 34.008746 31.722092        7 221 222 233 237 243 244   1   1.068721 0.983933 1.094527 1.083410 1.094706 1.018338 7.000000      0   0   1
239     35.789849 29.651334 33.918684        7 187 188 196 197 234 240   1   1.036177 0.912340 0.912336 1.036181 1.018338 1.018338 7.000000      0   0   1
240     36.070668 30.509491 33.447814        7 186 187 234 235 239 241   1   1.068710 0.983942 1.094699 1.083412 1.018338 1.094531 7.000001      0   0   1
241     36.229145 31.419455 32.860575        7 185 186 235 236 240 242   1   1.070688 1.040382 1.126147 1.122304 1.094531 1.122502 7.000000      0   0   1
242     36.233477 32.316482 32.185790        7 184 185 236 237 241 243   1   1.040363 1.070713 1.122301 1.126152 1.122502 1.094531 7.000000      0   0   1
243     36.083339 33.133932 31.473587        7 183 184 237 238 242 244   1   0.983931 1.068735 1.083411 1.094706 1.094531 1.018338 7.000000      0   0   1
244     35.810004 33.825970 30.778329        7 182 183 222 223 238 243   1   0.912338 1.036200 1.036190 0.912336 1.018338 1.018338 7.000000      0   0   1
245     31.916986 35.050747 34.451418        7 210 211 217 218 246 247   1   0.912323 1.036175 0.912324 1.036175 1.018324 1.018325 7.000000      0   0   1
246     32.622143 35.292028 33.757500        7 218 219 245 247 248 249   1   0.983922 1.068709 1.018324 1.094692 1.094519 1.083399 7.000000      0   0   1
247     31.606854 35.700500 33.731262        7 211 212 245 246 249 250   1   0.983921 1.068709 1.018325 1.094692 1.083398 1.094519 7.000000      0   0   1
248     33.317886 35.426402 32.923320        7 219 220 246 249 251 252   1   1.040359 1.070688 1.094519 1.126139 1.122493 1.122294 7.000000      0   0   1
249     32.306664 35.921880 32.934388        7 246 247 248 250 252 253   1   1.083399 1.083398 1.126139 1.126138 1.141005 1.141005 7.000000      0   0   1
250     31.235744 36.264091 32.869511        7 212 213 247 249 253 254   1   1.040358 1.070688 1.094519 1.126138 1.122294 1.122494 7.000000      0   0   1
251     33.947050 35.426403 31.993726        7 220 221 248 252 255 256   1   1.070689 1.040363 1.122493 1.122293 1.094527 1.126144 7.000000      0   0   1
252     32.983714 36.001611 32.019435        7 248 249 251 253 256 257   1   1.122294 1.141005 1.122293 1.152519 1.141009 1.152523 7.000000      0   0   1
253     31.914792 36.431661 31.991811        7 249 250 252 254 257 258   1   1.141005 1.122294 1.152519 1.122293 1.152523 1.141009 7.000000      0   0   1
254     30.823832 36.682940 31.913014        7 213 214 250 253 258 259   1   1.070689 1.040363 1.122494 1.122293 1.126144 1.094527 7.000000      0   0   1
255     34.462896 35.292029 31.037778        7 221 222 251 256 260 261   1   1.068715 0.983929 1.094527 1.083404 1.018338 1.094702 7.000000      0   0   1
256     33.581490 35.921884 31.050824        7 251 252 255 257 261 262   1   1.126144 1.141009 1.083404 1.141006 1.083410 1.126149 7.000000      0   0   1
257     32.560785 36.431663 31.037347        7 252 253 256 258 262 263   1   1.152523 1.152523 1.141006 1.141006 1.122301 1.122302 7.000000      0   0   1
258     31.472043 36.770558 30.996310        7 253 254 257 259 263 264   1   1.141009 1.126144 1.141006 1.083404 1.126148 1.083411 7.000000      0   0   1
259     30.401718 36.925926 30.932826        7 214 215 254 258 264 265   1   1.068715 0.983929 1.094527 1.083404 1.094701 1.018339 7.000000      0   0   1
260     34.845027 35.050745 30.125216        7 180 181 222 223 255 261   1   1.036188 0.912340 1.036185 0.912333 1.018338 1.018333 7.000000      0   0   1
261     34.061187 35.700504 30.104960        7 179 180 255 256 260 262   1   1.068722 0.983937 1.094702 1.083410 1.018333 1.094525 7.000000      0   0   1
262     33.123232 36.264097 30.080720        7 178 179 256 257 261 263   1   1.070700 1.040372 1.126149 1.122301 1.094525 1.122496 7.000000      0   0   1
263     32.082156 36.682943 30.053816        7 177 178 257 258 262 264   1   1.040372 1.070698 1.122302 1.126148 1.122496 1.094525 7.000000      0   0   1
264     31.015299 36.925928 30.026245        7 176 177 258 259 263 265   1   0.983937 1.068720 1.083411 1.094701 1.094525 1.018333 7.000000      0   0   1
265     30.000003 37.000001 30.000007        7 175 176 215 216 259 264   1   0.912340 1.036187 1.036184 0.912333 1.018339 1.018333 7.000001      0   0   1
266     30.345086 34.846628 35.038960        7 203 204 210 211 267 268   1   0.912324 1.036167 0.912324 1.036167 1.018325 1.018325 7.000000      0   0   1
267     29.959860 35.486628 34.346872        7 211 212 266 268 269 270   1   0.983923 1.068701 1.018325 1.094683 1.094519 1.083399 7.000000      0   0   1
268     29.328155 34.864287 34.988721        7 204 205 266 267 270 271   1   0.983922 1.068701 1.018325 1.094683 1.083399 1.094519 7.000000      0   0   1
269     29.546927 36.044787 33.500753        7 212 213 267 270 272 273   1   1.040360 1.070680 1.094519 1.126129 1.122493 1.122293 7.000000      0   0   1
270     28.884750 35.477524 34.213424        7 267 268 269 271 273 274   1   1.083399 1.083399 1.126129 1.126129 1.141004 1.141004 7.000000      0   0   1
271     28.251436 34.768497 34.817048        7 205 206 268 270 274 275   1   1.040360 1.070680 1.094519 1.126129 1.122293 1.122493 7.000000      0   0   1
272     29.135012 36.463633 32.544257        7 213 214 269 273 276 277   1   1.070690 1.040355 1.122493 1.122284 1.094526 1.126143 7.000000      0   0   1
273     28.446800 35.981319 33.288069        7 269 270 272 274 277 278   1   1.122293 1.141004 1.122284 1.152508 1.141007 1.152522 7.000000      0   0   1
274     27.781726 35.326102 33.963823        7 270 271 273 275 278 279   1   1.141004 1.122293 1.152508 1.122284 1.152521 1.141007 7.000000      0   0   1
275     27.191772 34.549196 34.518703        7 206 207 271 274 279 280   1   1.070690 1.040355 1.122493 1.122284 1.126143 1.094526 7.000000      0   0   1
276     28.754716 36.712050 31.548440        7 214 215 272 277 281 282   1   1.068716 0.983922 1.094526 1.083395 1.018337 1.094700 7.000001      0   0   1
277     28.050117 36.326195 32.275350        7 272 273 276 278 282 283   1   1.126143 1.141007 1.083395 1.140995 1.083408 1.126145 7.000000      0   0   1
278     27.358790 35.756149 32.981738        7 273 274 277 279 283 284   1   1.152522 1.152521 1.140995 1.140995 1.122299 1.122298 7.000000      0   0   1
279     26.737637 35.033169 33.608906        7 274 275 278 280 284 285   1   1.141007 1.126143 1.140995 1.083394 1.126145 1.083408 7.000000      0   0   1
280     26.227885 34.222671 34.115847        7 207 208 275 279 285 286   1   1.068716 0.983922 1.094526 1.083394 1.094700 1.018337 7.000000      0   0   1
281     28.428092 36.795873 30.587554        7 173 174 215 216 276 282   1   1.036185 0.912339 1.036185 0.912327 1.018337 1.018324 7.000001      0   0   1
282     27.721293 36.498173 31.257474        7 172 173 276 277 281 283   1   1.068717 0.983934 1.094700 1.083408 1.018324 1.094514 7.000000      0   0   1
283     27.015686 36.025023 31.947553        7 171 172 277 278 282 284   1   1.070695 1.040369 1.126145 1.122299 1.094514 1.122484 7.000000      0   0   1
284     26.367938 35.386876 32.605702        7 170 171 278 279 283 285   1   1.040369 1.070695 1.122298 1.126145 1.122484 1.094514 7.000000      0   0   1
285     25.826168 34.631139 33.183031        7 169 170 279 280 284 286   1   0.983934 1.068718 1.083408 1.094700 1.094514 1.018324 7.000000      0   0   1
286     25.413559 33.826022 33.650496        7 168 169 208 209 280 285   1   0.912339 1.036185 1.036185 0.912327 1.018337 1.018324 7.000001      0   0   1
287     30.338558 33.495715 36.055192        7 189 190 203 204 288 289   1   0.912324 1.036175 0.912323 1.036175 1.018325 1.018324 7.000000      0   0   1
288     29.321314 33.448838 36.053504        7 204 205 287 289 290 291   1   0.983921 1.068709 1.018325 1.094692 1.094519 1.083398 7.000000      0   0   1
289     29.946179 32.655728 36.476435        7 190 191 287 288 291 292   1   0.983922 1.068709 1.018324 1.094692 1.083398 1.094519 7.000000      0   0   1
290     28.244421 33.317106 35.908870        7 205 206 288 291 293 294   1   1.040358 1.070688 1.094519 1.126139 1.122494 1.122293 7.000000      0   0   1
291     28.870537 32.536683 36.425695        7 288 289 290 292 294 295   1   1.083398 1.083398 1.126139 1.126139 1.141005 1.141004 7.000000      0   0   1
292     29.525885 31.690608 36.776213        7 191 192 289 291 295 296   1   1.040359 1.070688 1.094519 1.126139 1.122293 1.122493 7.000000      0   0   1
293     27.184755 33.097802 35.610528        7 206 207 290 294 297 298   1   1.070689 1.040363 1.122494 1.122294 1.094527 1.126144 7.000000      0   0   1
294     27.767320 32.345664 36.205884        7 290 291 293 295 298 299   1   1.122293 1.141005 1.122294 1.152519 1.141009 1.152523 7.000000      0   0   1
295     28.425194 31.510659 36.651157        7 291 292 294 296 299 300   1   1.141004 1.122293 1.152519 1.122293 1.152523 1.141009 7.000000      0   0   1
296     29.106956 30.658050 36.911544        7 192 193 292 295 300 301   1   1.070689 1.040362 1.122493 1.122293 1.126144 1.094527 7.000000      0   0   1
297     26.221041 32.807217 35.180638        7 207 208 293 298 302 303   1   1.068715 0.983929 1.094527 1.083404 1.018339 1.094701 7.000000      0   0   1
298     26.723420 32.092321 35.821187        7 293 294 297 299 303 304   1   1.126144 1.141009 1.083404 1.141006 1.083411 1.126147 7.000000      0   0   1
299     27.337180 31.285484 36.344834        7 294 295 298 300 304 305   1   1.152523 1.152523 1.141006 1.141006 1.122302 1.122301 7.000000      0   0   1
300     28.021690 30.444493 36.699904        7 295 296 299 301 305 306   1   1.141009 1.126144 1.141006 1.083404 1.126148 1.083410 7.000000      0   0   1
301     28.720514 29.634762 36.872373        7 193 194 296 300 306 307   1   1.068715 0.983929 1.094527 1.083404 1.094702 1.018338 7.000000      0   0   1
302     25.407025 32.475101 34.666740        7 166 167 208 209 297 303   1   1.036186 0.912340 1.036184 0.912333 1.018339 1.018333 7.000001      0   0   1
303     25.812480 31.800226 35.312613        7 165 166 297 298 302 304   1   1.068720 0.983938 1.094701 1.083411 1.018333 1.094525 7.000000      0   0   1
304     26.346887 31.032684 35.881185        7 164 165 298 299 303 305   1   1.070699 1.040374 1.126147 1.122302 1.094525 1.122496 7.000000      0   0   1
305     26.987622 30.219430 36.314858        7 163 164 299 300 304 306   1   1.040372 1.070700 1.122301 1.126148 1.122496 1.094525 7.000000      0   0   1
306     27.687087 29.420882 36.581417        7 162 163 300 301 305 307   1   0.983937 1.068723 1.083410 1.094702 1.094525 1.018333 7.000000      0   0   1
307     28.388920 28.690332 36.684997        7 161 162 194 195 301 306   1   0.912340 1.036188 1.036185 0.912333 1.018338 1.018333 7.000000      0   0   1
308     31.906433 32.864912 36.095720        7 189 190 201 202 309 310   1   0.912333 1.036183 1.036183 0.912323 1.018325 1.018334 7.000000      0   0   1
309     31.588955 31.994789 36.518899        7 190 191 308 310 311 312   1   0.983931 1.068717 1.018325 1.094700 1.094519 1.083408 7.000000      0   0   1
310     32.606866 32.126959 36.138428        7 200 201 308 309 312 313   1   1.068718 0.983921 1.018334 1.094700 1.083399 1.094527 7.000000      0   0   1
311     31.210376 31.012885 36.819755        7 191 192 309 312 314 315   1   1.040367 1.070695 1.094519 1.126147 1.122494 1.122301 7.000000      0   0   1
312     32.283687 31.163468 36.513917        7 309 310 311 313 315 316   1   1.083408 1.083399 1.126147 1.126147 1.141005 1.141012 7.000000      0   0   1
313     33.297891 31.283937 36.039488        7 199 200 310 312 316 317   1   1.070695 1.040358 1.094527 1.126147 1.122293 1.122499 6.999999      0   0   1
314     30.791448 29.980326 36.955086        7 192 193 311 315 318 319   1   1.070697 1.040368 1.122494 1.122301 1.094527 1.126151 7.000000      0   0   1
315     31.884300 30.118952 36.740569        7 311 312 314 316 319 320   1   1.122301 1.141005 1.122301 1.152527 1.141009 1.152529 7.000000      0   0   1
316     32.955980 30.258105 36.339997        7 312 313 315 317 320 321   1   1.141012 1.122293 1.152527 1.122301 1.152523 1.141013 7.000000      0   0   1
317     33.922724 30.386907 35.784681        7 198 199 313 316 321 322   1   1.040368 1.070687 1.122499 1.122301 1.126143 1.094529 7.000000      0   0   1
318     30.363294 28.973820 36.914838        7 193 194 314 319 323 324   1   1.068721 0.983933 1.094527 1.083410 1.018339 1.094706 7.000000      0   0   1
319     31.434847 29.071273 36.788128        7 314 315 318 320 324 325   1   1.126151 1.141009 1.083410 1.141013 1.083411 1.126152 7.000000      0   0   1
320     32.525846 29.197922 36.478949        7 315 316 319 321 325 326   1   1.152529 1.152523 1.141013 1.141014 1.122301 1.122304 7.000000      0   0   1
321     33.549735 29.345883 35.997626        7 316 317 320 322 326 327   1   1.141013 1.126143 1.141014 1.083410 1.126148 1.083412 7.000000      0   0   1
322     34.434945 29.502509 35.392937        7 197 198 317 321 327 328   1   0.983934 1.068712 1.094529 1.083410 1.094700 1.018338 7.000000      0   0   1
323     29.956801 28.059524 36.725524        7 159 160 194 195 318 324   1   1.036199 0.912337 1.036190 0.912336 1.018339 1.018337 6.999999      0   0   1
324     30.972651 28.098996 36.666344        7 158 159 318 319 323 325   1   1.068735 0.983931 1.094706 1.083411 1.018337 1.094531 7.000000      0   0   1
325     32.041109 28.186255 36.445479        7 157 158 319 320 324 326   1   1.070712 1.040363 1.126152 1.122301 1.094531 1.122502 7.000000      0   0   1
326     33.084870 28.321785 36.055343        7 156 157 320 321 325 327   1   1.040382 1.070688 1.122304 1.126148 1.122502 1.094532 7.000000      0   0   1
327     34.026392 28.495517 35.524916        7 155 156 321 322 326 328   1   0.983942 1.068710 1.083412 1.094700 1.094532 1.018338 7.000000      0   0   1
328     34.814315 28.690259 34.909884        7 154 155 196 197 322 327   1   0.912339 1.036176 0.912336 1.036181 1.018338 1.018338 7.000001      0   0   1
329     36.347464 28.690222 32.644653        7  96  97 187 188 330 331   1   1.036195 0.912329 1.036195 0.912331 1.018336 1.018333 7.000000      0   0   1
330     36.625592 28.495447 31.684592        7  95  96 329 331 332 333   1   1.068731 0.983929 1.018336 1.094715 1.094533 1.083409 7.000000      0   0   1
331     36.654925 29.502460 32.112920        7 186 187 329 330 333 334   1   1.068730 0.983931 1.018333 1.094715 1.083412 1.094530 7.000000      0   0   1
332     36.768088 28.321682 30.613376        7  94  95 330 333 335 336   1   1.070709 1.040367 1.094533 1.126163 1.122509 1.122306 7.000000      0   0   1
333     36.887297 29.345800 31.066382        7 330 331 332 334 336 337   1   1.083409 1.083412 1.126163 1.126163 1.141022 1.141019 7.000000      0   0   1
334     36.828244 30.386852 31.491786        7 185 186 331 333 337 338   1   1.070709 1.040369 1.094530 1.126163 1.122309 1.122506 7.000000      0   0   1
335     36.742346 28.186120 29.499380        7  93  94 332 336 339 340   1   1.040382 1.070698 1.122509 1.122318 1.094542 1.126157 7.000000      0   0   1
336     36.953597 29.197807 29.936943        7 332 333 335 337 340 341   1   1.122306 1.141022 1.122318 1.152545 1.141026 1.152538 7.000000      0   0   1
337     36.984480 30.258017 30.387898        7 333 334 336 338 341 342   1   1.141019 1.122309 1.152545 1.122318 1.152540 1.141023 7.000000      0   0   1
338     36.832580 31.283881 30.816997        7 184 185 334 337 342 343   1   1.040381 1.070701 1.122506 1.122318 1.126159 1.094539 6.999999      0   0   1
339     36.550274 28.098835 28.425364        7  92  93 335 340 344 345   1   0.983945 1.068725 1.094542 1.083426 1.018350 1.094714 7.000000      0   0   1
340     36.835139 29.071127 28.809175        7 335 336 339 341 345 346   1   1.126157 1.141026 1.083426 1.141032 1.083425 1.126163 7.000000      0   0   1
341     36.958052 30.118833 29.244098        7 336 337 340 342 346 347   1   1.152538 1.152540 1.141032 1.141032 1.122319 1.122316 7.000000      0   0   1
342     36.896086 31.163382 29.699106        7 337 338 341 343 347 348   1   1.141023 1.126159 1.141032 1.083426 1.126165 1.083422 7.000000      0   0   1
343     36.667611 32.126907 30.138685        7 183 184 338 342 348 349   1   0.983945 1.068727 1.094539 1.083426 1.094716 1.018348 7.000001      0   0   1
344     36.227652 28.059342 27.460277        7  91  92 145 146 339 345   1   0.912346 1.036193 1.036197 0.912347 1.018350 1.018352 7.000000      0   0   1
345     36.554507 28.973649 27.767276        7 144 145 339 340 344 346   1   1.068733 0.983949 1.094714 1.083425 1.018352 1.094549 7.000001      0   0   1
346     36.751024 29.980179 28.149789        7 143 144 340 341 345 347   1   1.070712 1.040387 1.126163 1.122319 1.094549 1.122521 7.000000      0   0   1
347     36.781104 31.012771 28.588997        7 142 143 341 342 346 348   1   1.040384 1.070716 1.122316 1.126165 1.122521 1.094549 7.000001      0   0   1
348     36.642510 31.994711 29.052270        7 141 142 342 343 347 349   1   0.983946 1.068737 1.083422 1.094716 1.094549 1.018352 7.000000      0   0   1
349     36.367638 32.864866 29.504284        7 140 141 182 183 343 348   1   0.912346 1.036200 0.912346 1.036196 1.018348 1.018352 7.000000      0   0   1
350     34.806270 34.846602 28.447512        7 152 153 180 181 351 352   1   1.036203 0.912334 1.036203 0.912339 1.018343 1.018335 7.000001      0   0   1
351     34.381676 34.864239 27.522076        7 151 152 350 352 353 354   1   1.068737 0.983931 1.018343 1.094721 1.094538 1.083409 7.000000      0   0   1
352     34.020578 35.486611 28.347107        7 179 180 350 351 354 355   1   1.068737 0.983937 1.018335 1.094721 1.083417 1.094528 7.000000      0   0   1
353     33.822120 34.768422 26.586272        7 150 151 351 354 356 357   1   1.070713 1.040367 1.094538 1.126168 1.122510 1.122302 7.000000      0   0   1
354     33.497112 35.477486 27.398586        7 351 352 353 355 357 358   1   1.083409 1.083417 1.126168 1.126168 1.141023 1.141013 7.000000      0   0   1
355     33.081589 36.044777 28.278232        7 178 179 352 354 358 359   1   1.070713 1.040373 1.094528 1.126168 1.122310 1.122500 7.000000      0   0   1
356     33.151303 34.549092 25.713387        7 149 150 353 357 360 361   1   1.040384 1.070696 1.122510 1.122321 1.094539 1.126151 7.000000      0   0   1
357     32.855436 35.326038 26.467324        7 353 354 356 358 361 362   1   1.122302 1.141023 1.122321 1.152549 1.141024 1.152530 7.000000      0   0   1
358     32.475267 35.981289 27.335935        7 354 355 357 359 362 363   1   1.141013 1.122310 1.152549 1.122321 1.152539 1.141015 7.000000      0   0   1
359     32.040509 36.463627 28.251327        7 177 178 355 358 363 364   1   1.040384 1.070702 1.122500 1.122321 1.126158 1.094529 7.000000      0   0   1
360     32.419059 34.222540 24.968270        7 148 149 356 361 365 366   1   0.983946 1.068719 1.094539 1.083427 1.018345 1.094705 7.000000      0   0   1
361     32.137890 35.033078 25.629925        7 356 357 360 362 366 367   1   1.126151 1.141024 1.083427 1.141034 1.083420 1.126154 7.000000      0   0   1
362     31.786506 35.756096 26.439697        7 357 358 361 363 367 368   1   1.152530 1.152539 1.141034 1.141034 1.122314 1.122306 7.000000      0   0   1
363     31.387653 36.326172 27.344069        7 358 359 362 364 368 369   1   1.141015 1.126158 1.141034 1.083428 1.126161 1.083412 7.000000      0   0   1
364     30.974680 36.712043 28.268392        7 176 177 359 363 369 370   1   0.983946 1.068726 1.094529 1.083428 1.094712 1.018337 6.999999      0   0   1
365     31.684385 33.825867 24.385235        7 131 132 147 148 360 366   1   1.036190 0.912342 0.912346 1.036186 1.018345 1.018352 7.000000      0   0   1
366     31.403759 34.631022 24.942027        7 130 131 360 361 365 367   1   1.068726 0.983942 1.094705 1.083420 1.018352 1.094549 7.000000      0   0   1
367     31.069141 35.386799 25.659571        7 129 130 361 362 366 368   1   1.070703 1.040380 1.126154 1.122314 1.094549 1.122522 7.000000      0   0   1
368     30.698877 36.024981 26.505552        7 128 129 362 363 367 369   1   1.040375 1.070709 1.122306 1.126161 1.122522 1.094550 7.000000      0   0   1
369     30.320475 36.498156 27.417120        7 127 128 363 364 368 370   1   0.983936 1.068732 1.083412 1.094712 1.094550 1.018353 7.000000      0   0   1
370     29.961232 36.795868 28.322302        7 126 127 175 176 364 369   1   0.912335 1.036196 0.912346 1.036193 1.018337 1.018353 7.000000      0   0   1
371     27.417811 36.465581 29.272977        7 138 139 173 174 372 373   1   1.036195 0.912327 1.036195 0.912344 1.018346 1.018325 7.000000      0   0   1
372     26.637627 36.019906 28.793690        7 137 138 371 373 374 375   1   1.068727 0.983923 1.018346 1.094711 1.094537 1.083398 7.000000      0   0   1
373     26.662747 36.152103 29.880100        7 172 173 371 372 375 376   1   1.068728 0.983941 1.018325 1.094711 1.083417 1.094516 7.000000      0   0   1
374     25.878748 35.399052 28.307218        7 136 137 372 375 377 378   1   1.070703 1.040358 1.094537 1.126157 1.122506 1.122289 7.000000      0   0   1
375     25.850809 35.607172 29.413624        7 372 373 374 376 378 379   1   1.083398 1.083417 1.126157 1.126157 1.141019 1.141000 7.000000      0   0   1
376     25.930260 35.670166 30.535207        7 171 172 373 375 379 380   1   1.070703 1.040375 1.094516 1.126157 1.122308 1.122487 7.000000      0   0   1
377     25.205248 34.625342 27.851379        7 135 136 374 378 381 382   1   1.040374 1.070684 1.122506 1.122308 1.094532 1.126137 7.000000      0   0   1
378     25.103427 34.888260 28.937695        7 374 375 377 379 382 383   1   1.122289 1.141019 1.122308 1.152535 1.141017 1.152516 7.000001      0   0   1
379     25.129870 35.027445 30.081489        7 375 376 378 380 383 384   1   1.141000 1.122308 1.152535 1.122308 1.152533 1.141000 7.000000      0   0   1
380     25.282512 35.032017 31.193359        7 170 171 376 379 384 385   1   1.040374 1.070702 1.122487 1.122308 1.126154 1.094517 7.000000      0   0   1
381     24.667163 33.756253 27.460036        7 134 135 377 382 386 387   1   0.983937 1.068707 1.094532 1.083415 1.018336 1.094691 7.000000      0   0   1
382     24.486147 34.039468 28.489993        7 377 378 381 383 387 388   1   1.126137 1.141017 1.083415 1.141019 1.083411 1.126138 7.000000      0   0   1
383     24.438350 34.233041 29.613456        7 378 379 382 384 388 389   1   1.152516 1.152533 1.141019 1.141019 1.122305 1.122291 7.000000      0   0   1
384     24.538327 34.314142 30.747190        7 379 380 383 385 389 390   1   1.141000 1.126154 1.141019 1.083415 1.126154 1.083399 7.000000      0   0   1
385     24.767621 34.285066 31.805664        7 169 170 380 384 390 391   1   0.983937 1.068724 1.094517 1.083415 1.094708 1.018327 7.000000      0   0   1
386     24.283438 32.864844 27.151565        7 117 118 133 134 381 387   1   1.036167 0.912335 0.912338 1.036173 1.018336 1.018341 7.000000      0   0   1
387     24.035455 33.133910 28.101894        7 116 117 381 382 386 388   1   1.068700 0.983939 1.094691 1.083411 1.018341 1.094535 7.000000      0   0   1
388     23.909750 33.349048 29.167691        7 115 116 382 383 387 389   1   1.070678 1.040379 1.126138 1.122305 1.094535 1.122507 7.000000      0   0   1
389     23.935500 33.484609 30.281684        7 114 115 383 384 388 390   1   1.040352 1.070710 1.122291 1.126154 1.122507 1.094536 7.000000      0   0   1
390     24.110791 33.530521 31.361116        7 113 114 384 385 389 391   1   0.983920 1.068734 1.083399 1.094708 1.094536 1.018341 7.000000      0   0   1
391     24.403274 33.495724 32.335930        7 112 113 168 169 385 390   1   0.912325 1.036198 0.912338 1.036191 1.018327 1.018341 7.000000      0   0   1
392     24.392700 31.309876 33.980252        7 124 125 166 167 393 394   1   1.036194 0.912334 1.036195 0.912346 1.018352 1.018335 7.000000      0   0   1
393     24.095481 30.365433 33.742073        7 123 124 392 394 395 396   1   1.068729 0.983933 1.018352 1.094712 1.094550 1.083410 7.000000      0   0   1
394     24.749698 30.579333 34.593332        7 165 166 392 393 396 397   1   1.068729 0.983946 1.018335 1.094712 1.083428 1.094528 7.000000      0   0   1
395     23.915466 29.342120 33.397887        7 122 123 393 396 398 399   1   1.070706 1.040371 1.094550 1.126159 1.122522 1.122304 7.000000      0   0   1
396     24.515314 29.555704 34.326757        7 393 394 395 397 399 400   1   1.083410 1.083428 1.126159 1.126160 1.141033 1.141014 7.000000      0   0   1
397     25.257120 29.780787 35.143640        7 164 165 394 396 400 401   1   1.070706 1.040384 1.094528 1.126160 1.122321 1.122500 7.000000      0   0   1
398     23.885385 28.309528 32.958680        7 121 122 395 399 402 403   1   1.040377 1.070699 1.122522 1.122312 1.094550 1.126153 7.000000      0   0   1
399     24.410581 28.489507 33.934057        7 395 396 398 400 403 404   1   1.122304 1.141033 1.122312 1.152539 1.141034 1.152531 7.000000      0   0   1
400     25.099351 28.714709 34.830286        7 396 397 399 401 404 405   1   1.141014 1.122321 1.152539 1.122312 1.152548 1.141015 7.000000      0   0   1
401     25.897858 28.967530 35.577315        7 163 164 397 400 405 406   1   1.040377 1.070713 1.122500 1.122312 1.126168 1.094529 7.000000      0   0   1
402     24.007473 27.344369 32.457080        7 120 121 398 403 407 408   1   0.983940 1.068723 1.094550 1.083419 1.018352 1.094706 7.000000      0   0   1
403     24.454363 27.463444 33.436829        7 398 399 402 404 408 409   1   1.126153 1.141034 1.083419 1.141023 1.083427 1.126152 7.000000      0   0   1
404     25.068464 27.654494 34.379332        7 399 400 403 405 409 410   1   1.152531 1.152548 1.141023 1.141023 1.122321 1.122305 6.999999      0   0   1
405     25.813597 27.907864 35.205477        7 400 401 404 406 410 411   1   1.141015 1.126168 1.141023 1.083419 1.126168 1.083411 7.000000      0   0   1
406     26.624313 28.199980 35.862138        7 162 163 401 405 411 412   1   0.983939 1.068736 1.094529 1.083419 1.094721 1.018336 7.000000      0   0   1
407     24.252709 26.504348 31.936249        7 103 104 119 120 402 408   1   1.036188 0.912347 0.912340 1.036188 1.018352 1.018344 7.000000      0   0   1
408     24.632352 26.551253 32.880015        7 102 103 402 403 407 409   1   1.068722 0.983947 1.094706 1.083427 1.018344 1.094539 7.000000      0   0   1
409     25.166873 26.683014 33.826028        7 101 102 403 404 408 410   1   1.070699 1.040385 1.126152 1.122321 1.094539 1.122510 7.000000      0   0   1
410     25.837693 26.902347 34.698910        7 100 101 404 405 409 411   1   1.040371 1.070714 1.122305 1.126168 1.122510 1.094539 7.000000      0   0   1
411     26.594976 27.192959 35.433814        7  99 100 405 406 410 412   1   0.983934 1.068738 1.083411 1.094721 1.094539 1.018344 7.000000      0   0   1
412     27.374606 27.525094 35.998513        7  98  99 161 162 406 411   1   0.912335 1.036203 0.912340 1.036203 1.018336 1.018344 7.000001      0   0   1
413     29.911507 26.504429 36.064086        7 110 111 159 160 414 415   1   1.036198 0.912345 1.036198 0.912347 1.018353 1.018346 6.999999      0   0   1
414     30.268371 25.715051 35.528761        7 109 110 413 415 416 417   1   1.068732 0.983944 1.018353 1.094716 1.094550 1.083420 7.000001      0   0   1
415     30.925200 26.469611 35.973305        7 158 159 413 414 417 418   1   1.068732 0.983948 1.018346 1.094716 1.083428 1.094537 7.000001      0   0   1
416     30.645448 24.968060 34.823171        7 108 109 414 417 419 420   1   1.070708 1.040381 1.094550 1.126162 1.122522 1.122313 7.000000      0   0   1
417     31.336246 25.685951 35.348216        7 414 415 416 418 420 421   1   1.083420 1.083428 1.126162 1.126162 1.141034 1.141021 6.999999      0   0   1
418     31.992458 26.515499 35.734838        7 157 158 415 417 421 422   1   1.070708 1.040385 1.094537 1.126162 1.122321 1.122506 7.000000      0   0   1
419     31.015711 24.329878 33.977190        7 107 108 416 420 423 424   1   1.040378 1.070708 1.122522 1.122314 1.094548 1.126158 7.000000      0   0   1
420     31.734403 24.972610 34.551615        7 416 417 419 421 424 425   1   1.122313 1.141034 1.122314 1.152540 1.141032 1.152535 7.000000      0   0   1
421     32.425923 25.767027 35.019644        7 417 418 420 422 425 426   1   1.141021 1.122321 1.152540 1.122313 1.152547 1.141017 6.999999      0   0   1
422     33.036220 26.651032 35.344696        7 156 157 418 421 426 427   1   1.040378 1.070713 1.122506 1.122313 1.126167 1.094531 7.000000      0   0   1
423     31.351651 23.847915 33.053668        7 106 107 419 424 428 429   1   0.983940 1.068729 1.094548 1.083419 1.018351 1.094710 7.000000      0   0   1
424     32.086476 24.392851 33.634075        7 419 420 423 425 429 430   1   1.126158 1.141032 1.083419 1.141024 1.083426 1.126155 7.000000      0   0   1
425     32.806087 25.111772 34.151036        7 420 421 424 426 430 431   1   1.152535 1.152547 1.141024 1.141024 1.122319 1.122306 7.000000      0   0   1
426     33.451141 25.960573 34.557703        7 421 422 425 427 431 432   1   1.141017 1.126167 1.141024 1.083419 1.126166 1.083411 7.000000      0   0   1
427     33.978945 26.866141 34.831865        7 155 156 422 426 432 433   1   0.983940 1.068735 1.094531 1.083419 1.094718 1.018334 7.000000      0   0   1
428     31.634652 23.534423 32.127022        7  89  90 105 106 423 429   1   1.036197 0.912342 0.912340 1.036194 1.018351 1.018343 7.000000      0   0   1
429     32.369567 23.980098 32.673187        7  88  89 423 424 428 430   1   1.068732 0.983938 1.094710 1.083426 1.018343 1.094538 7.000000      0   0   1
430     33.103237 24.600953 33.196905        7  87  88 424 425 429 431   1   1.070708 1.040373 1.126155 1.122319 1.094538 1.122509 7.000000      0   0   1
431     33.776738 25.374667 33.652745        7  86  87 425 426 430 432   1   1.040377 1.070700 1.122306 1.126166 1.122509 1.094538 7.000001      0   0   1
432     34.340035 26.243761 34.006841        7  85  86 426 427 431 433   1   0.983936 1.068723 1.083411 1.094718 1.094538 1.018343 7.000000      0   0   1
433     34.769027 27.135177 34.248432        7  84  85 154 155 427 432   1   0.912333 1.036191 0.912339 1.036199 1.018334 1.018343 7.000000      0   0   1
434     35.747292 33.495651 28.063750        7 140 141 152 153 435 436   1   0.912341 1.036188 1.036188 0.912348 1.018354 1.018345 7.000000      0   0   1
435     35.992527 32.655629 27.542917        7 141 142 434 436 437 438   1   0.983942 1.068723 1.018354 1.094706 1.094550 1.083421 7.000000      0   0   1
436     35.367649 33.448746 27.119983        7 151 152 434 435 438 439   1   1.068723 0.983950 1.018345 1.094706 1.083430 1.094540 7.000000      0   0   1
437     36.114614 31.690470 27.041317        7 142 143 435 438 440 441   1   1.040381 1.070700 1.094550 1.126152 1.122522 1.122315 7.000000      0   0   1
438     35.545636 32.536552 26.563167        7 435 436 437 439 441 442   1   1.083421 1.083430 1.126152 1.126152 1.141034 1.141025 7.000000      0   0   1
439     34.833126 33.316984 26.173969        7 150 151 436 438 442 443   1   1.070699 1.040388 1.094540 1.126152 1.122323 1.122511 7.000000      0   0   1
440     36.084533 30.657877 26.602109        7 143 144 437 441 444 445   1   1.070710 1.040371 1.122522 1.122305 1.094549 1.126161 7.000001      0   0   1
441     35.589416 31.510489 26.065938        7 437 438 440 442 445 446   1   1.122315 1.141034 1.122305 1.152531 1.141033 1.152539 7.000000      0   0   1
442     34.931534 32.345502 25.620662        7 438 439 441 443 446 447   1   1.141025 1.122323 1.152531 1.122304 1.152549 1.141023 7.000000      0   0   1
443     34.162305 33.097650 25.301088        7 149 150 439 442 447 448   1   1.040371 1.070717 1.122511 1.122304 1.126170 1.094538 7.000000      0   0   1
444     35.904518 29.634565 26.257925        7 144 145 440 445 449 450   1   1.068732 0.983934 1.094549 1.083411 1.018351 1.094713 7.000000      0   0   1
445     35.484682 30.444293 25.673239        7 440 441 444 446 450 451   1   1.126161 1.141033 1.083411 1.141014 1.083425 1.126158 7.000000      0   0   1
446     34.900645 31.285288 25.169709        7 441 442 445 447 451 452   1   1.152539 1.152549 1.141014 1.141014 1.122319 1.122310 7.000000      0   0   1
447     34.186400 32.092133 24.794519        7 442 443 446 448 452 453   1   1.141023 1.126170 1.141014 1.083411 1.126167 1.083417 7.000000      0   0   1
448     33.405023 32.807039 24.566184        7 148 149 443 447 453 454   1   0.983934 1.068740 1.094538 1.083411 1.094721 1.018342 7.000000      0   0   1
449     35.607299 28.690123 26.019746        7  82  83 145 146 444 450   1   1.036192 0.912344 1.036196 0.912334 1.018351 1.018336 7.000000      0   0   1
450     35.250300 29.420665 25.406665        7  81  82 444 445 449 451   1   1.068725 0.983943 1.094713 1.083425 1.018336 1.094529 7.000000      0   0   1
451     34.742877 30.219211 24.856357        7  80  81 445 446 450 452   1   1.070701 1.040381 1.126158 1.122319 1.094529 1.122500 7.000000      0   0   1
452     34.102139 31.032468 24.422682        7  79  80 446 447 451 453   1   1.040372 1.070710 1.122310 1.126167 1.122500 1.094529 7.000000      0   0   1
453     33.375685 31.800018 24.137860        7  78  79 447 448 452 454   1   0.983936 1.068734 1.083417 1.094721 1.094529 1.018336 7.000000      0   0   1
454     32.625392 32.474904 24.001487        7  77  78 147 148 448 453   1   0.912338 1.036202 0.912335 1.036204 1.018342 1.018336 7.000000      0   0   1
455     28.365344 36.465575 27.872972        7 126 127 138 139 456 457   1   0.912346 1.036195 1.036195 0.912347 1.018353 1.018348 7.000000      0   0   1
456     28.648347 36.152081 26.946326        7 127 128 455 457 458 459   1   0.983946 1.068729 1.018353 1.094713 1.094550 1.083423 7.000000      0   0   1
457     27.630428 36.019895 27.326803        7 137 138 455 456 459 460   1   1.068729 0.983947 1.018348 1.094713 1.083428 1.094540 6.999999      0   0   1
458     28.984290 35.670118 26.022803        7 128 129 456 459 461 462   1   1.040384 1.070706 1.094550 1.126159 1.122522 1.122315 7.000000      0   0   1
459     27.913522 35.607141 26.365914        7 456 457 458 460 462 463   1   1.083423 1.083428 1.126159 1.126159 1.141034 1.141024 7.000000      0   0   1
460     26.896757 35.399038 26.803083        7 136 137 457 459 463 464   1   1.070706 1.040385 1.094540 1.126159 1.122321 1.122509 7.000000      0   0   1
461     29.354555 35.031936 25.176824        7 129 130 458 462 465 466   1   1.070711 1.040376 1.122522 1.122311 1.094549 1.126162 7.000000      0   0   1
462     28.265601 35.027382 25.448375        7 458 459 461 463 466 467   1   1.122315 1.141034 1.122311 1.152537 1.141033 1.152538 7.000000      0   0   1
463     27.193914 34.888218 25.848952        7 459 460 462 464 467 468   1   1.141024 1.122321 1.152537 1.122311 1.152547 1.141020 7.000000      0   0   1
464     26.223259 34.625321 26.347244        7 135 136 460 463 468 469   1   1.040376 1.070714 1.122509 1.122311 1.126167 1.094534 7.000000      0   0   1
465     29.731634 34.284945 24.471236        7 130 131 461 466 470 471   1   1.068733 0.983938 1.094549 1.083416 1.018351 1.094712 7.000000      0   0   1
466     28.663763 34.314043 24.651775        7 461 462 465 467 471 472   1   1.126162 1.141033 1.083416 1.141020 1.083425 1.126157 7.000000      0   0   1
467     27.574086 34.232965 24.980345        7 462 463 466 468 472 473   1   1.152538 1.152547 1.141020 1.141021 1.122318 1.122308 7.000000      0   0   1
468     26.548864 34.039418 25.442285        7 463 464 467 469 473 474   1   1.141020 1.126167 1.141021 1.083416 1.126165 1.083413 7.000000      0   0   1
469     25.659965 33.756229 25.993150        7 134 135 464 468 474 475   1   0.983938 1.068736 1.094534 1.083416 1.094718 1.018337 7.000000      0   0   1
470     30.088500 33.495569 23.935912        7  75  76 131 132 465 471   1   1.036200 0.912342 1.036196 0.912338 1.018351 1.018340 7.000000      0   0   1
471     29.074812 33.530385 24.026692        7  74  75 465 466 470 472   1   1.068735 0.983938 1.094712 1.083425 1.018340 1.094535 7.000000      0   0   1
472     28.007556 33.484497 24.265155        7  73  74 466 467 471 473   1   1.070711 1.040372 1.126157 1.122318 1.094535 1.122506 7.000000      0   0   1
473     26.963793 33.348964 24.655294        7  72  73 467 468 472 474   1   1.040379 1.070699 1.122308 1.126165 1.122506 1.094535 7.000000      0   0   1
474     26.021063 33.133855 25.168125        7  71  72 468 469 473 475   1   0.983938 1.068722 1.083413 1.094718 1.094535 1.018340 7.000000      0   0   1
475     25.230976 32.864818 25.751562        7  70  71 133 134 469 474   1   0.912335 1.036191 0.912338 1.036200 1.018337 1.018340 7.000000      0   0   1
476     23.772348 31.940657 32.539724        7 112 113 124 125 477 478   1   0.912347 1.036195 1.036195 0.912347 1.018348 1.018353 7.000000      0   0   1
477     23.449726 31.901162 31.574639        7 113 114 476 478 479 480   1   0.983947 1.068729 1.018348 1.094713 1.094540 1.083429 7.000000      0   0   1
478     23.445495 31.026347 32.232726        7 123 124 476 477 480 481   1   1.068729 0.983946 1.018353 1.094713 1.083423 1.094550 7.000000      0   0   1
479     23.257654 31.813874 30.500624        7 114 115 477 480 482 483   1   1.040385 1.070705 1.094540 1.126160 1.122509 1.122321 6.999999      0   0   1
480     23.164861 30.928865 31.190831        7 477 478 479 481 483 484   1   1.083429 1.083423 1.126160 1.126159 1.141024 1.141034 7.000000      0   0   1
481     23.248977 30.019816 31.850215        7 122 123 478 480 484 485   1   1.070705 1.040384 1.094550 1.126159 1.122315 1.122522 7.000000      0   0   1
482     23.231909 31.678311 29.386629        7 115 116 479 483 486 487   1   1.070714 1.040376 1.122509 1.122311 1.094534 1.126167 7.000000      0   0   1
483     23.046402 30.802182 30.063065        7 479 480 482 484 487 488   1   1.122321 1.141024 1.122311 1.152537 1.141021 1.152547 7.000000      0   0   1
484     23.041949 29.881156 30.755910        7 480 481 483 485 488 489   1   1.141034 1.122315 1.152537 1.122310 1.152538 1.141033 7.000000      0   0   1
485     23.218898 28.987223 31.411008        7 121 122 481 484 489 490   1   1.040376 1.070712 1.122522 1.122310 1.126161 1.094549 7.000000      0   0   1
486     23.374405 31.504546 28.315412        7 116 117 482 487 491 492   1   1.068735 0.983938 1.094534 1.083416 1.018337 1.094719 7.000001      0   0   1
487     23.112701 30.654187 28.933627        7 482 483 486 488 492 493   1   1.126167 1.141021 1.083416 1.141020 1.083413 1.126166 7.000000      0   0   1
488     23.015520 29.741969 29.612112        7 483 484 487 489 493 494   1   1.152547 1.152538 1.141020 1.141021 1.122308 1.122319 7.000000      0   0   1
489     23.103916 28.836606 30.300903        7 484 485 488 490 494 495   1   1.141033 1.126161 1.141021 1.083416 1.126157 1.083426 7.000000      0   0   1
490     23.357493 28.005283 30.947735        7 120 121 485 489 495 496   1   0.983938 1.068733 1.094549 1.083416 1.094712 1.018352 7.000000      0   0   1
491     23.652534 31.309771 27.355351        7  61  62 117 118 486 492   1   1.036190 0.912335 1.036200 0.912338 1.018337 1.018340 7.000000      0   0   1
492     23.345072 30.497527 27.887088        7  60  61 486 487 491 493   1   1.068722 0.983938 1.094719 1.083413 1.018340 1.094534 7.000000      0   0   1
493     23.171755 29.613132 28.508226        7  59  60 487 488 492 494   1   1.070698 1.040379 1.126166 1.122308 1.094534 1.122506 7.000000      0   0   1
494     23.167420 28.716103 29.183014        7  58  59 488 489 493 495   1   1.040372 1.070711 1.122319 1.126157 1.122506 1.094535 7.000000      0   0   1
495     23.332393 27.873081 29.861324        7  57  58 489 490 494 496   1   0.983938 1.068735 1.083426 1.094712 1.094535 1.018340 7.000000      0   0   1
496     23.632365 27.135129 30.495721        7  56  57 119 120 490 495   1   0.912342 1.036200 0.912338 1.036196 1.018352 1.018340 7.000000      0   0   1
497     28.315617 26.174131 35.614765        7  98  99 110 111 498 499   1   0.912348 1.036188 1.036188 0.912341 1.018345 1.018354 7.000000      0   0   1
498     27.580943 25.777457 35.031729        7  99 100 497 499 500 501   1   0.983949 1.068722 1.018345 1.094706 1.094539 1.083430 7.000000      0   0   1
499     28.596243 25.368976 35.057971        7 109 110 497 498 501 502   1   1.068722 0.983942 1.018354 1.094706 1.083420 1.094550 6.999999      0   0   1
500     26.848699 25.450905 34.286612        7 100 101 498 501 503 504   1   1.040388 1.070699 1.094539 1.126152 1.122510 1.122323 7.000000      0   0   1
501     27.862115 24.966918 34.370072        7 498 499 500 502 504 505   1   1.083430 1.083420 1.126152 1.126152 1.141024 1.141034 7.000000      0   0   1
502     28.930862 24.613197 34.340427        7 108 109 499 501 505 506   1   1.070699 1.040381 1.094550 1.126152 1.122314 1.122522 7.000000      0   0   1
503     26.177882 25.231574 33.413727        7 101 102 500 504 507 508   1   1.070717 1.040371 1.122510 1.122304 1.094538 1.126170 7.000001      0   0   1
504     27.144568 24.673957 33.532673        7 500 501 503 505 508 509   1   1.122323 1.141024 1.122304 1.152530 1.141023 1.152548 7.000000      0   0   1
505     28.213499 24.243900 33.560299        7 501 502 504 506 509 510   1   1.141034 1.122314 1.152530 1.122304 1.152539 1.141032 7.000000      0   0   1
506     29.301126 23.975016 33.494446        7 107 108 502 505 510 511   1   1.040371 1.070710 1.122522 1.122304 1.126161 1.094548 7.000000      0   0   1
507     25.618326 25.135759 32.477922        7 102 103 503 508 512 513   1   1.068740 0.983934 1.094538 1.083410 1.018343 1.094721 7.000000      0   0   1
508     26.502891 24.522511 32.601412        7 503 504 507 509 513 514   1   1.126170 1.141023 1.083410 1.141014 1.083417 1.126167 7.000000      0   0   1
509     27.524738 24.018708 32.664061        7 504 505 508 510 514 515   1   1.152548 1.152539 1.141014 1.141014 1.122310 1.122319 7.000000      0   0   1
510     28.612351 23.673826 32.655928        7 505 506 509 511 515 516   1   1.141032 1.126161 1.141014 1.083411 1.126158 1.083426 7.000000      0   0   1
511     29.679527 23.501843 32.582878        7 106 107 506 510 516 517   1   0.983934 1.068732 1.094548 1.083411 1.094713 1.018351 7.000000      0   0   1
512     25.193731 25.153397 31.552488        7  33  34 103 104 507 513   1   1.036202 0.912339 1.036204 0.912335 1.018343 1.018336 7.000000      0   0   1
513     25.979424 24.513387 31.652891        7  32  33 507 508 512 514   1   1.068734 0.983936 1.094721 1.083417 1.018336 1.094529 7.000000      0   0   1
514     26.918413 23.955222 31.721766        7  31  32 508 509 513 515   1   1.070710 1.040373 1.126167 1.122310 1.094529 1.122500 7.000000      0   0   1
515     27.959493 23.536373 31.748671        7  30  31 509 510 514 516   1   1.040381 1.070701 1.122319 1.126158 1.122500 1.094529 7.000000      0   0   1
516     29.025322 23.287955 31.731606        7  29  30 510 511 515 517   1   0.983943 1.068725 1.083426 1.094713 1.094529 1.018336 7.000000      0   0   1
517     30.038769 23.204131 31.677697        7  28  29 105 106 511 516   1   0.912344 1.036192 0.912334 1.036196 1.018351 1.018336 7.000000      0   0   1
518     35.716560 27.135157 32.848440        7  84  85  96  97 519 520   1   0.912333 1.036170 1.036170 0.912333 1.018337 1.018337 7.000000      0   0   1
519     35.332836 26.243748 32.539966        7  85  86 518 520 521 522   1   0.983934 1.068705 1.018337 1.094687 1.094533 1.083413 7.000000      0   0   1
520     35.964544 26.866092 31.898115        7  95  96 518 519 522 523   1   1.068705 0.983934 1.018337 1.094687 1.083413 1.094533 7.000000      0   0   1
521     34.794751 25.374659 32.148622        7  86  87 519 522 524 525   1   1.040373 1.070684 1.094533 1.126134 1.122507 1.122308 7.000000      0   0   1
522     35.513853 25.960533 31.510012        7 519 520 521 523 525 526   1   1.083413 1.083413 1.126134 1.126134 1.141019 1.141019 7.000000      0   0   1
523     36.090249 26.650954 30.832321        7  94  95 520 522 526 527   1   1.070684 1.040374 1.094533 1.126134 1.122308 1.122507 7.000000      0   0   1
524     34.121252 24.600947 31.692781        7  87  88 521 525 528 529   1   1.070704 1.040358 1.122507 1.122288 1.094538 1.126157 7.000001      0   0   1
525     34.896573 25.111741 31.062307        7 521 522 524 526 529 530   1   1.122308 1.141019 1.122288 1.152513 1.141020 1.152535 7.000000      0   0   1
526     35.561650 25.766959 30.386550        7 522 523 525 527 530 531   1   1.141019 1.122308 1.152513 1.122288 1.152535 1.141020 7.000000      0   0   1
527     36.064501 26.515392 29.718328        7  93  94 523 526 531 532   1   1.040358 1.070704 1.122507 1.122288 1.126157 1.094538 7.000000      0   0   1
528     33.362373 23.980093 31.206308        7  88  89 524 529 533 534   1   1.068729 0.983924 1.094538 1.083397 1.018345 1.094711 7.000000      0   0   1
529     34.149190 24.392828 30.586375        7 524 525 528 530 534 535   1   1.126157 1.141020 1.083397 1.140998 1.083417 1.126156 7.000000      0   0   1
530     34.870129 24.972556 29.918512        7 525 526 529 531 535 536   1   1.152535 1.152535 1.140998 1.140999 1.122309 1.122309 7.000000      0   0   1
531     35.461675 25.685857 29.252815        7 526 527 530 532 536 537   1   1.141020 1.126157 1.140999 1.083397 1.126156 1.083417 7.000000      0   0   1
532     35.889211 26.469478 28.638893        7  92  93 527 531 537 538   1   0.983924 1.068729 1.094538 1.083397 1.094711 1.018346 7.000000      0   0   1
533     32.582189 23.534419 30.727021        7  40  41  89  90 528 534   1   1.036193 0.912343 1.036196 0.912328 1.018345 1.018326 7.000000      0   0   1
534     33.337252 23.847897 30.119898        7  39  40 528 529 533 535   1   1.068726 0.983940 1.094711 1.083417 1.018326 1.094516 7.000000      0   0   1
535     34.069739 24.329835 29.464792        7  38  39 529 530 534 536   1   1.070702 1.040375 1.126156 1.122309 1.094516 1.122486 7.000000      0   0   1
536     34.717489 24.967983 28.806641        7  37  38 530 531 535 537   1   1.040375 1.070703 1.122309 1.126156 1.122486 1.094516 7.000000      0   0   1
537     35.232380 25.714935 28.194339        7  36  37 531 532 536 538   1   0.983940 1.068726 1.083417 1.094711 1.094516 1.018326 7.000000      0   0   1
538     35.596727 26.504275 27.664075        7  35  36  91  92 532 537   1   0.912343 1.036193 0.912327 1.036196 1.018346 1.018326 7.000000      0   0   1
539     34.592975 27.524900 25.333260        7  47  48  82  83 540 541   1   1.036185 0.912333 1.036186 0.912339 1.018337 1.018333 7.000000      0   0   1
540     33.778960 27.192786 24.819362        7  46  47 539 541 542 543   1   1.068718 0.983930 1.018337 1.094701 1.094526 1.083405 7.000000      0   0   1
541     34.187522 28.199776 24.687387        7  81  82 539 540 543 544   1   1.068718 0.983936 1.018333 1.094701 1.083408 1.094526 7.000000      0   0   1
542     32.815247 26.902202 24.389471        7  45  46 540 543 545 546   1   1.070694 1.040364 1.094526 1.126146 1.122493 1.122296 7.000000      0   0   1
543     33.276584 27.907685 24.178813        7 540 541 542 544 546 547   1   1.083405 1.083408 1.126146 1.126145 1.141008 1.141008 7.000000      0   0   1
544     33.653116 28.967321 24.118817        7  80  81 541 543 547 548   1   1.070694 1.040370 1.094526 1.126145 1.122299 1.122496 7.000000      0   0   1
545     31.755583 26.682900 24.091128        7  44  45 542 546 549 550   1   1.040365 1.070691 1.122493 1.122297 1.094519 1.126143 7.000000      0   0   1
546     32.232685 27.654346 23.794114        7 542 543 545 547 550 551   1   1.122296 1.141008 1.122297 1.152523 1.141004 1.152522 7.000000      0   0   1
547     32.662824 28.714526 23.655166        7 543 544 546 548 551 552   1   1.141008 1.122299 1.152523 1.122297 1.152521 1.141007 6.999999      0   0   1
548     33.012381 29.780576 23.685144        7  79  80 544 547 552 553   1   1.040365 1.070696 1.122496 1.122297 1.126145 1.094525 7.000000      0   0   1
549     30.678689 26.551169 23.946493        7  43  44 545 550 554 555   1   0.983929 1.068713 1.094519 1.083404 1.018325 1.094696 7.000001      0   0   1
550     31.129469 27.463329 23.574302        7 545 546 549 551 555 556   1   1.126143 1.141004 1.083404 1.141007 1.083399 1.126142 7.000000      0   0   1
551     31.574813 28.489356 23.348841        7 546 547 550 552 556 557   1   1.152522 1.152521 1.141007 1.141007 1.122292 1.122295 7.000000      0   0   1
552     31.978316 29.555520 23.300096        7 547 548 551 553 557 558   1   1.141007 1.126145 1.141007 1.083404 1.126142 1.083404 7.000000      0   0   1
553     32.312916 30.579125 23.418584        7  78  79 548 552 558 559   1   0.983929 1.068718 1.094525 1.083404 1.094698 1.018333 7.000000      0   0   1
554     29.661445 26.504292 23.944803        7  42  43  68  69 549 555   1   0.912332 1.036180 1.036170 0.912327 1.018325 1.018331 7.000000      0   0   1
555     30.053827 27.344285 23.523560        7  67  68 549 550 554 556   1   1.068701 0.983929 1.094696 1.083399 1.018331 1.094523 7.000000      0   0   1
556     30.474123 28.309410 23.223784        7  66  67 550 551 555 557   1   1.070678 1.040369 1.126142 1.122292 1.094523 1.122493 7.000000      0   0   1
557     30.893051 29.341968 23.088455        7  65  66 551 552 556 558   1   1.040353 1.070699 1.122295 1.126142 1.122493 1.094523 7.000000      0   0   1
558     31.279492 30.365252 23.127629        7  64  65 552 553 557 559   1   0.983922 1.068723 1.083404 1.094698 1.094523 1.018332 7.000000      0   0   1
559     31.611083 31.309676 23.315005        7  63  64  77  78 553 558   1   0.912329 1.036190 0.912331 1.036183 1.018333 1.018332 7.000000      0   0   1
560     30.043192 31.940477 23.274475        7  63  64  75  76 561 562   1   0.912344 1.036195 1.036194 0.912340 1.018338 1.018344 7.000000      0   0   1
561     29.636699 31.026181 23.085164        7  64  65 560 562 563 564   1   0.983940 1.068727 1.018338 1.094710 1.094526 1.083415 7.000000      0   0   1
562     29.027336 31.901005 23.333659        7  74  75 560 561 564 565   1   1.068727 0.983936 1.018344 1.094710 1.083409 1.094535 7.000000      0   0   1
563     29.208546 30.019676 23.044915        7  65  66 561 564 566 567   1   1.040374 1.070702 1.094526 1.126154 1.122494 1.122305 7.000000      0   0   1
564     28.565142 30.928729 23.211875        7 561 562 563 565 567 568   1   1.083415 1.083409 1.126154 1.126154 1.141008 1.141015 7.000000      0   0   1
565     27.958874 31.813745 23.554526        7  73  74 562 564 568 569   1   1.070701 1.040370 1.094535 1.126154 1.122298 1.122502 7.000000      0   0   1
566     28.789620 28.987117 23.180246        7  66  67 563 567 570 571   1   1.070700 1.040372 1.122494 1.122305 1.094519 1.126149 7.000000      0   0   1
567     28.115691 29.881051 23.259434        7 563 564 566 568 571 572   1   1.122305 1.141008 1.122305 1.152531 1.141004 1.152527 7.000000      0   0   1
568     27.474141 30.802079 23.521057        7 564 565 567 569 572 573   1   1.141015 1.122298 1.152531 1.122305 1.152520 1.141012 7.000000      0   0   1
569     26.915115 31.678215 23.944665        7  72  73 565 568 573 574   1   1.040372 1.070695 1.122502 1.122305 1.126143 1.094528 7.000000      0   0   1
570     28.411042 28.005212 23.481102        7  67  68 566 571 575 576   1   1.068720 0.983934 1.094519 1.083411 1.018324 1.094701 7.000000      0   0   1
571     27.716308 28.836535 23.486085        7 566 567 570 572 576 577   1   1.126149 1.141004 1.083411 1.141014 1.083398 1.126146 7.000000      0   0   1
572     27.044012 29.741898 23.660007        7 567 568 571 573 577 578   1   1.152527 1.152520 1.141014 1.141014 1.122292 1.122299 7.000000      0   0   1
573     26.450255 30.654119 24.002381        7 568 569 572 574 578 579   1   1.141012 1.126143 1.141014 1.083411 1.126140 1.083405 7.000000      0   0   1
574     25.973596 31.504483 24.475092        7  71  72 569 573 579 580   1   0.983934 1.068715 1.094528 1.083411 1.094695 1.018332 7.000000      0   0   1
575     28.093566 27.135090 23.904281        7  54  55  68  69 570 576   1   1.036182 0.912323 1.036185 0.912335 1.018324 1.018336 7.000000      0   0   1
576     27.393131 27.873043 23.861573        7  53  54 570 571 575 577   1   1.068715 0.983922 1.094701 1.083398 1.018336 1.094529 7.000000      0   0   1
577     26.702104 28.716065 23.960514        7  52  53 571 572 576 578   1   1.070691 1.040359 1.126146 1.122292 1.094529 1.122500 7.000000      0   0   1
578     26.077270 29.613096 24.215322        7  51  52 572 573 577 579   1   1.040362 1.070687 1.122299 1.126140 1.122500 1.094529 7.000000      0   0   1
579     25.565050 30.497493 24.607068        7  50  51 573 574 578 580   1   0.983926 1.068711 1.083405 1.094695 1.094529 1.018336 7.000000      0   0   1
580     25.185680 31.309740 25.090122        7  49  50  70  71 574 579   1   0.912328 1.036178 0.912335 1.036179 1.018332 1.018336 7.000000      0   0   1
581     24.210153 30.348672 26.081314        7  49  50  61  62 582 583   1   0.912330 1.036179 1.036179 0.912336 1.018336 1.018333 7.000000      0   0   1
582     24.542919 29.490511 25.645612        7  50  51 581 583 584 585   1   0.983929 1.068713 1.018336 1.094695 1.094529 1.083408 7.000000      0   0   1
583     23.929334 29.490519 26.552183        7  60  61 581 582 585 586   1   1.068713 0.983935 1.018333 1.094695 1.083410 1.094528 7.000000      0   0   1
584     25.029185 28.580544 25.280238        7  51  52 582 585 587 588   1   1.040367 1.070691 1.094529 1.126142 1.122499 1.122302 7.000000      0   0   1
585     24.326602 28.561942 26.160139        7 582 583 584 586 588 589   1   1.083408 1.083410 1.126142 1.126142 1.141013 1.141014 6.999999      0   0   1
586     23.770853 28.580558 27.139421        7  59  60 583 585 589 590   1   1.070691 1.040371 1.094528 1.126142 1.122304 1.122504 7.000000      0   0   1
587     25.654018 27.683514 25.025431        7  52  53 584 588 591 592   1   1.070696 1.040364 1.122499 1.122295 1.094528 1.126150 7.000000      0   0   1
588     24.891764 27.621553 25.846818        7 584 585 587 589 592 593   1   1.122302 1.141013 1.122295 1.152521 1.141012 1.152529 7.000000      0   0   1
589     24.245768 27.621559 26.801277        7 585 586 588 590 593 594   1   1.141014 1.122304 1.152521 1.122295 1.152529 1.141016 7.000000      0   0   1
590     23.766520 27.683531 27.814207        7  58  59 586 589 594 595   1   1.040364 1.070701 1.122504 1.122295 1.126152 1.094535 7.000000      0   0   1
591     26.370999 26.866062 24.900120        7  53  54 587 592 596 597   1   1.068720 0.983929 1.094528 1.083403 1.018335 1.094705 7.000000      0   0   1
592     25.592652 26.744359 25.643846        7 587 588 591 593 597 598   1   1.126150 1.141012 1.083403 1.141005 1.083408 1.126152 7.000000      0   0   1
593     24.887318 26.700531 26.539656        7 588 589 592 594 598 599   1   1.152529 1.152529 1.141005 1.141006 1.122301 1.122306 7.000000      0   0   1
594     24.317823 26.744368 27.527406        7 589 590 593 595 599 600   1   1.141016 1.126152 1.141006 1.083404 1.126150 1.083415 7.000000      0   0   1
595     23.916656 26.866078 28.526412        7  57  58 590 594 600 601   1   0.983929 1.068725 1.094535 1.083404 1.094706 1.018344 7.000000      0   0   1
596     27.118035 26.174021 24.895476        7  19  20  54  55 591 597   1   1.036179 0.912337 1.036188 0.912331 1.018335 1.018331 7.000000      0   0   1
597     26.366774 25.991251 25.558198        7  18  19 591 592 596 598   1   1.068710 0.983939 1.094705 1.083408 1.018331 1.094523 7.000000      0   0   1
598     25.645356 25.889465 26.375006        7  17  18 592 593 597 599   1   1.070688 1.040379 1.126152 1.122301 1.094523 1.122493 7.000000      0   0   1
599     25.016192 25.889468 27.304599        7  16  17 593 594 598 600   1   1.040363 1.070709 1.122306 1.126150 1.122493 1.094523 7.000000      0   0   1
600     24.526021 25.991260 28.277919        7  15  16 594 595 599 601   1   0.983932 1.068733 1.083415 1.094706 1.094523 1.018331 7.000000      0   0   1
601     24.189990 26.174036 29.221675        7  14  15  56  57 595 600   1   0.912339 1.036198 0.912331 1.036191 1.018344 1.018331 7.000000      0   0   1
602     34.586441 26.173979 26.349504        7  35  36  47  48 603 604   1   0.912339 1.036185 1.036185 0.912327 1.018325 1.018336 7.000000      0   0   1
603     34.173832 25.368861 26.816970        7  36  37 602 604 605 606   1   0.983934 1.068717 1.018325 1.094700 1.094515 1.083406 7.000000      0   0   1
604     33.772115 25.777328 25.884154        7  46  47 602 603 606 607   1   1.068717 0.983922 1.018336 1.094700 1.083395 1.094525 7.000000      0   0   1
605     33.632063 24.613123 27.394300        7  37  38 603 606 608 609   1   1.040367 1.070693 1.094515 1.126144 1.122485 1.122296 7.000000      0   0   1
606     33.262364 24.966830 26.391097        7 603 604 605 607 609 610   1   1.083406 1.083395 1.126144 1.126144 1.140997 1.141006 7.000000      0   0   1
607     32.808229 25.450803 25.481299        7  45  46 604 606 610 611   1   1.070693 1.040356 1.094525 1.126144 1.122286 1.122492 7.000000      0   0   1
608     32.984315 23.974976 28.052451        7  38  39 605 609 612 613   1   1.070693 1.040364 1.122485 1.122296 1.094515 1.126142 7.000000      0   0   1
609     32.641212 24.243849 27.018267        7 605 606 608 610 613 614   1   1.122296 1.140997 1.122296 1.152521 1.140997 1.152519 7.000000      0   0   1
610     32.218277 24.673895 26.036182        7 606 607 609 611 614 615   1   1.141006 1.122286 1.152521 1.122296 1.152511 1.141002 6.999999      0   0   1
611     31.748566 25.231500 25.182955        7  44  45 607 610 615 616   1   1.040364 1.070682 1.122492 1.122296 1.126132 1.094518 6.999999      0   0   1
612     32.278709 23.501827 28.742531        7  39  40 608 613 617 618   1   1.068715 0.983929 1.094515 1.083404 1.018325 1.094696 7.000000      0   0   1
613     31.949887 23.673802 27.724659        7 608 609 612 614 618 619   1   1.126142 1.140997 1.083404 1.141006 1.083396 1.126140 7.000001      0   0   1
614     31.553204 24.018677 26.711941        7 609 610 613 615 619 620   1   1.152519 1.152511 1.141006 1.141006 1.122287 1.122291 7.000000      0   0   1
615     31.115255 24.522471 25.786584        7 610 611 614 616 620 621   1   1.141002 1.126132 1.141006 1.083403 1.126133 1.083398 7.000000      0   0   1
616     30.671848 25.135709 25.011283        7  43  44 611 615 621 622   1   0.983928 1.068704 1.094518 1.083403 1.094687 1.018325 7.000000      0   0   1
617     31.571909 23.204127 29.412453        7  26  27  40  41 612 618   1   1.036189 0.912323 1.036181 0.912331 1.018325 1.018331 7.000000      0   0   1
618     31.245288 23.287949 28.451573        7  25  26 612 613 617 619   1   1.068723 0.983916 1.094696 1.083396 1.018331 1.094522 7.000000      0   0   1
619     30.864993 23.536362 27.455758        7  24  25 613 614 618 620   1   1.070699 1.040347 1.126140 1.122287 1.094522 1.122493 7.000000      0   0   1
620     30.453079 23.955205 26.499261        7  23  24 614 615 619 621   1   1.040368 1.070671 1.122291 1.126133 1.122493 1.094523 7.000000      0   0   1
621     30.040145 24.513364 25.653138        7  22  23 615 616 620 622   1   0.983928 1.068694 1.083398 1.094687 1.094523 1.018331 7.000000      0   0   1
622     29.654916 25.153367 24.961045        7  21  22  42  43 616 621   1   0.912327 1.036163 0.912331 1.036171 1.018325 1.018331 7.000000      0   0   1
623     25.154973 24.949254 29.874786        7  14  15  33  34 624 625   1   0.912334 1.036187 1.036186 0.912339 1.018337 1.018334 7.000000      0   0   1
624     25.537106 24.707969 28.962225        7  15  16 623 625 626 627   1   0.983931 1.068719 1.018337 1.094702 1.094526 1.083406 7.000000      0   0   1
625     25.938815 24.299495 29.895043        7  32  33 623 624 627 628   1   1.068718 0.983935 1.018334 1.094702 1.083409 1.094526 7.000000      0   0   1
626     26.052952 24.573595 28.006278        7  16  17 624 627 629 630   1   1.040365 1.070694 1.094526 1.126146 1.122493 1.122297 6.999999      0   0   1
627     26.418514 24.078114 28.949182        7 624 625 626 628 630 631   1   1.083406 1.083409 1.126146 1.126146 1.141007 1.141008 7.000000      0   0   1
628     26.876771 23.735902 29.919284        7  31  32 625 627 631 632   1   1.070695 1.040370 1.094526 1.126146 1.122298 1.122496 7.000000      0   0   1
629     26.682116 24.573594 27.076685        7  17  18 626 630 633 634   1   1.070691 1.040366 1.122493 1.122298 1.094519 1.126142 7.000000      0   0   1
630     27.016291 23.998384 27.980574        7 626 627 629 631 634 635   1   1.122297 1.141007 1.122298 1.152523 1.141004 1.152521 7.000000      0   0   1
631     27.439220 23.568333 28.962662        7 627 628 630 632 635 636   1   1.141008 1.122298 1.152523 1.122298 1.152520 1.141007 7.000000      0   0   1
632     27.917848 23.317055 29.946190        7  30  31 628 631 636 637   1   1.040366 1.070696 1.122496 1.122298 1.126144 1.094525 7.000000      0   0   1
633     27.377860 24.707968 26.242505        7  18  19 629 634 638 639   1   1.068713 0.983929 1.094519 1.083405 1.018324 1.094695 7.000000      0   0   1
634     27.693340 24.078113 27.065622        7 629 630 633 635 639 640   1   1.126142 1.141004 1.083405 1.141007 1.083398 1.126141 7.000000      0   0   1
635     28.085214 23.568334 28.008202        7 630 631 634 636 640 641   1   1.152521 1.152520 1.141007 1.141008 1.122291 1.122295 7.000000      0   0   1
636     28.527964 23.229439 29.003702        7 631 632 635 637 641 642   1   1.141007 1.126144 1.141008 1.083405 1.126141 1.083403 7.000000      0   0   1
637     28.984705 23.074072 29.973762        7  29  30 632 636 642 643   1   0.983929 1.068717 1.094525 1.083405 1.094697 1.018332 7.000000      0   0   1
638     28.083016 24.949247 25.548588        7  19  20  21  22 633 639   1   1.036179 0.912332 0.912326 1.036171 1.018324 1.018331 7.000000      0   0   1
639     28.393151 24.299491 26.268749        7  22  23 633 634 638 640   1   0.983928 1.068701 1.094695 1.083398 1.018331 1.094523 7.000000      0   0   1
640     28.764263 23.735900 27.130504        7  23  24 634 635 639 641   1   1.040368 1.070678 1.126141 1.122291 1.094523 1.122494 7.000000      0   0   1
641     29.176175 23.317055 28.087003        7  24  25 635 636 640 642   1   1.070698 1.040353 1.122295 1.126141 1.122494 1.094523 7.000000      0   0   1
642     29.598288 23.074071 29.067187        7  25  26 636 637 641 643   1   1.068722 0.983922 1.083403 1.094697 1.094523 1.018332 7.000000      0   0   1
643     30.000000 29.000000 30.000000        7  26  27  28  29 637 642   1   1.036188 0.912329 0.912332 1.036183 1.018332 1.018332 7.000000      0   1   1
