  1     15.000000 15.000000 15.000000        1   1   0   0   0   0   0   0   0.000000 0.000000 0.000000 0.000000 0.000000 0.000000 0.000000      1   0   1
  2     23.506544 20.078216 13.639696        6  14  15  18  19  21   1   0   5.465265 5.465269 5.465269 5.465315 5.465265 10.000000 0.000000      0   0   1
  3     20.257354 17.201043 23.216790        6  15  16  17  24  27   1   0   5.465329 5.465311 5.465265 5.465377 5.465408 10.000000 0.000000      0   0   1
  4     23.506509 9.921729 16.360319        6  14  16  20  26  29   1   0   5.465330 5.465315 5.465366 5.465360 5.465412 10.000000 0.000000      0   0   1
  5     20.257305 12.798969 6.783175        6  19  20  22  28  31   1   0   5.465325 5.465309 5.465309 5.465325 5.465325 10.000001 0.000000      0   0   1
  6     15.000097 21.856576 7.720757        6  21  22  23  30  33   1   0   5.465330 5.465366 5.465315 5.465412 5.465360 10.000000 0.000000      0   0   1
  7     15.000150 24.577117 17.877296        6  17  18  23  25  32   1   0   5.465265 5.465329 5.465311 5.465377 5.465408 10.000000 0.000000      0   0   1
  8     14.999903 8.143424 22.279243        6  26  27  34  35  39   1   0   5.465360 5.465412 5.465366 5.465315 5.465329 10.000000 0.000000      0   0   1
  9     14.999850 5.422883 12.122704        6  28  29  35  36  41   1   0   5.465377 5.465408 5.465311 5.465265 5.465329 10.000000 0.000000      0   0   1
 10     9.742646 12.798957 6.783210        6  30  31  36  37  42   1   0   5.465408 5.465377 5.465265 5.465311 5.465329 10.000000 0.000000      0   0   1
 11     6.493491 20.078271 13.639681        6  32  33  37  38  43   1   0   5.465412 5.465360 5.465315 5.465366 5.465329 10.000000 0.000000      0   0   1
 12     9.742695 17.201031 23.216825        6  24  25  34  38  40   1   0   5.465325 5.465325 5.465309 5.465309 5.465325 10.000001 0.000000      0   0   1
 13     6.493456 9.921784 16.360304        6  39  40  41  42  43   1   0   5.465265 5.465315 5.465269 5.465269 5.465265 10.000000 0.000000      0   0   1
 14     25.000000 15.000000 15.000000        7   2   4  15  16  19  20   1   5.465265 5.465330 6.180276 6.180314 6.180319 6.180355 10.000000      0   0   1
 15     23.090209 19.278641 19.030104        7   2   3  14  16  17  18   1   5.465269 5.465329 6.180276 6.180310 6.180303 6.180228 10.000000      0   0   1
 16     23.090185 13.308811 20.629278        7   3   4  14  15  26  27   1   5.465311 5.465315 6.180314 6.180310 6.180426 6.180380 10.000000      0   0   1
 17     18.090271 21.923000 21.520913        7   3   7  15  18  24  25   1   5.465265 5.465265 6.180303 6.180303 6.180366 6.180366 10.000000      0   0   1
 18     20.000125 23.614158 15.891651        7   2   7  15  17  21  23   1   5.465269 5.465329 6.180228 6.180303 6.180276 6.180310 10.000000      0   0   1
 19     23.090183 16.691169 9.370711        7   2   5  14  20  21  22   1   5.465315 5.465325 6.180319 6.180292 6.180319 6.180292 10.000001      0   0   1
 20     23.090161 10.721339 10.969818        7   4   5  14  19  28  29   1   5.465366 5.465309 6.180355 6.180292 6.180400 6.180394 10.000001      0   0   1
 21     20.000095 22.015074 9.921832        7   2   6  18  19  22  23   1   5.465265 5.465330 6.180276 6.180319 6.180355 6.180314 10.000000      0   0   1
 22     18.090239 17.736436 5.891633        7   5   6  19  21  30  31   1   5.465309 5.465366 6.180292 6.180355 6.180394 6.180400 10.000001      0   0   1
 23     15.000145 24.659471 12.412606        7   6   7  18  21  32  33   1   5.465315 5.465311 6.180310 6.180314 6.180380 6.180426 10.000000      0   0   1
 24     15.000002 17.587478 24.659449        7   3  12  17  25  27  34   1   5.465377 5.465325 6.180366 6.180252 6.180379 6.180400 9.999999      0   0   1
 25     11.909905 21.923011 21.520983        7   7  12  17  24  32  38   1   5.465377 5.465325 6.180366 6.180252 6.180379 6.180400 9.999999      0   0   1
 26     19.999953 7.984860 20.078216        7   4   8  16  27  29  35   1   5.465360 5.465360 6.180426 6.180344 6.180344 6.180426 10.000000      0   0   1
 27     18.090155 12.263535 24.108386        7   3   8  16  24  26  34   1   5.465408 5.465412 6.180380 6.180379 6.180344 6.180394 10.000000      0   0   1
 28     18.090095 8.076989 8.479017        7   5   9  20  29  31  36   1   5.465325 5.465377 6.180400 6.180379 6.180252 6.180366 9.999999      0   0   1
 29     19.999936 6.385734 14.108338        7   4   9  20  26  28  35   1   5.465412 5.465408 6.180394 6.180344 6.180379 6.180380 10.000000      0   0   1
 30     11.909845 17.736465 5.891614        7   6  10  22  31  33  37   1   5.465412 5.465408 6.180394 6.180379 6.180344 6.180380 10.000000      0   0   1
 31     14.999998 12.412522 5.340551        7   5  10  22  28  30  36   1   5.465325 5.465377 6.180400 6.180252 6.180379 6.180366 9.999999      0   0   1
 32     10.000064 23.614266 15.891662        7   7  11  23  25  33  38   1   5.465408 5.465412 6.180380 6.180379 6.180344 6.180394 10.000000      0   0   1
 33     10.000047 22.015140 9.921784        7   6  11  23  30  32  37   1   5.465360 5.465360 6.180426 6.180344 6.180344 6.180426 10.000000      0   0   1
 34     11.909761 12.263564 24.108367        7   8  12  24  27  39  40   1   5.465366 5.465309 6.180400 6.180394 6.180355 6.180292 10.000001      0   0   1
 35     14.999855 5.340529 17.587394        7   8   9  26  29  39  41   1   5.465315 5.465311 6.180426 6.180380 6.180314 6.180310 10.000000      0   0   1
 36     11.909729 8.077000 8.479087        7   9  10  28  31  41  42   1   5.465265 5.465265 6.180366 6.180366 6.180303 6.180303 10.000000      0   0   1
 37     6.909815 16.691189 9.370722        7  10  11  30  33  42  43   1   5.465311 5.465315 6.180380 6.180426 6.180310 6.180314 10.000000      0   0   1
 38     6.909839 19.278661 19.030182        7  11  12  25  32  40  43   1   5.465366 5.465309 6.180400 6.180394 6.180292 6.180355 10.000001      0   0   1
 39     9.999906 7.984926 20.078168        7   8  13  34  35  40  41   1   5.465329 5.465265 6.180355 6.180314 6.180319 6.180276 10.000000      0   0   1
 40     6.909817 13.308831 20.629289        7  12  13  34  38  39  43   1   5.465325 5.465315 6.180292 6.180292 6.180319 6.180319 10.000001      0   0   1
 41     9.999875 6.385842 14.108349        7   9  13  35  36  39  42   1   5.465329 5.465269 6.180310 6.180303 6.180276 6.180228 10.000000      0   0   1
 42     6.909791 10.721359 10.969896        7  10  13  36  37  41  43   1   5.465329 5.465269 6.180303 6.180310 6.180228 6.180276 10.000000      0   0   1
 43     5.000000 15.000000 15.000000        7  11  13  37  38  40  42   1   5.465329 5.465265 6.180314 6.180355 6.180319 6.180276 10.000000      0   1   1
 44     15.000000 30.000000 15.000000        1  44   0   0   0   0   0   0   0.000000 0.000000 0.000000 0.000000 0.000000 0.000000 0.000000      1   0  44
 45     23.506544 35.078216 13.639696        6  57  58  61  62  64  44   0   5.465265 5.465269 5.465269 5.465315 5.465265 10.000000 0.000000      0   0  44
 46     20.257354 32.201043 23.216790        6  58  59  60  67  70  44   0   5.465329 5.465311 5.465265 5.465377 5.465408 10.000000 0.000000      0   0  44
 47     23.506509 24.921729 16.360319        6  57  59  63  69  72  44   0   5.465330 5.465315 5.465366 5.465360 5.465412 10.000000 0.000000      0   0  44
 48     20.257305 27.798969 6.783175        6  62  63  65  71  74  44   0   5.465325 5.465309 5.465309 5.465325 5.465325 10.000001 0.000000      0   0  44
 49     15.000097 36.856576 7.720757        6  64  65  66  73  76  44   0   5.465330 5.465366 5.465315 5.465412 5.465360 10.000000 0.000000      0   0  44
 50     15.000150 39.577117 17.877296        6  60  61  66  68  75  44   0   5.465265 5.465329 5.465311 5.465377 5.465408 10.000000 0.000000      0   0  44
 51     14.999903 23.143424 22.279243        6  69  70  77  78  82  44   0   5.465360 5.465412 5.465366 5.465315 5.465329 10.000000 0.000000      0   0  44
 52     14.999850 20.422883 12.122704        6  71  72  78  79  84  44   0   5.465377 5.465408 5.465311 5.465265 5.465329 10.000000 0.000000      0   0  44
 53     9.742646 27.798957 6.783210        6  73  74  79  80  85  44   0   5.465408 5.465377 5.465265 5.465311 5.465329 10.000000 0.000000      0   0  44
 54     6.493491 35.078271 13.639681        6  75  76  80  81  86  44   0   5.465412 5.465360 5.465315 5.465366 5.465329 10.000000 0.000000      0   0  44
 55     9.742695 32.201031 23.216825        6  67  68  77  81  83  44   0   5.465325 5.465325 5.465309 5.465309 5.465325 10.000001 0.000000      0   0  44
 56     6.493456 24.921784 16.360304        6  82  83  84  85  86  44   0   5.465265 5.465315 5.465269 5.465269 5.465265 10.000000 0.000000      0   0  44
 57     25.000000 30.000000 15.000000        7  45  47  58  59  62  63  44   5.465265 5.465330 6.180276 6.180314 6.180319 6.180355 10.000000      0   0  44
 58     23.090209 34.278641 19.030104        7  45  46  57  59  60  61  44   5.465269 5.465329 6.180276 6.180310 6.180303 6.180228 10.000000      0   0  44
 59     23.090185 28.308811 20.629278        7  46  47  57  58  69  70  44   5.465311 5.465315 6.180314 6.180310 6.180426 6.180380 10.000000      0   0  44
 60     18.090271 36.923000 21.520913        7  46  50  58  61  67  68  44   5.465265 5.465265 6.180303 6.180303 6.180366 6.180366 10.000000      0   0  44
 61     20.000125 38.614158 15.891651        7  45  50  58  60  64  66  44   5.465269 5.465329 6.180228 6.180303 6.180276 6.180310 10.000000      0   0  44
 62     23.090183 31.691169 9.370711        7  45  48  57  63  64  65  44   5.465315 5.465325 6.180319 6.180292 6.180319 6.180292 10.000001      0   0  44
 63     23.090161 25.721339 10.969818        7  47  48  57  62  71  72  44   5.465366 5.465309 6.180355 6.180292 6.180400 6.180394 10.000001      0   0  44
 64     20.000095 37.015074 9.921832        7  45  49  61  62  65  66  44   5.465265 5.465330 6.180276 6.180319 6.180355 6.180314 10.000000      0   0  44
 65     18.090239 32.736436 5.891633        7  48  49  62  64  73  74  44   5.465309 5.465366 6.180292 6.180355 6.180394 6.180400 10.000001      0   0  44
 66     15.000145 39.659471 12.412606        7  49  50  61  64  75  76  44   5.465315 5.465311 6.180310 6.180314 6.180380 6.180426 10.000000      0   0  44
 67     15.000002 32.587478 24.659449        7  46  55  60  68  70  77  44   5.465377 5.465325 6.180366 6.180252 6.180379 6.180400 9.999999      0   0  44
 68     11.909905 36.923011 21.520983        7  50  55  60  67  75  81  44   5.465377 5.465325 6.180366 6.180252 6.180379 6.180400 9.999999      0   0  44
 69     19.999953 22.984860 20.078216        7  47  51  59  70  72  78  44   5.465360 5.465360 6.180426 6.180344 6.180344 6.180426 10.000000      0   0  44
 70     18.090155 27.263535 24.108386        7  46  51  59  67  69  77  44   5.465408 5.465412 6.180380 6.180379 6.180344 6.180394 10.000000      0   0  44
 71     18.090095 23.076989 8.479017        7  48  52  63  72  74  79  44   5.465325 5.465377 6.180400 6.180379 6.180252 6.180366 9.999999      0   0  44
 72     19.999936 21.385734 14.108338        7  47  52  63  69  71  78  44   5.465412 5.465408 6.180394 6.180344 6.180379 6.180380 10.000000      0   0  44
 73     11.909845 32.736465 5.891614        7  49  53  65  74  76  80  44   5.465412 5.465408 6.180394 6.180379 6.180344 6.180380 10.000000      0   0  44
 74     14.999998 27.412522 5.340551        7  48  53  65  71  73  79  44   5.465325 5.465377 6.180400 6.180252 6.180379 6.180366 9.999999      0   0  44
 75     10.000064 38.614266 15.891662        7  50  54  66  68  76  81  44   5.465408 5.465412 6.180380 6.180379 6.180344 6.180394 10.000000      0   0  44
 76     10.000047 37.015140 9.921784        7  49  54  66  73  75  80  44   5.465360 5.465360 6.180426 6.180344 6.180344 6.180426 10.000000      0   0  44
 77     11.909761 27.263564 24.108367        7  51  55  67  70  82  83  44   5.465366 5.465309 6.180400 6.180394 6.180355 6.180292 10.000001      0   0  44
 78     14.999855 20.340529 17.587394        7  51  52  69  72  82  84  44   5.465315 5.465311 6.180426 6.180380 6.180314 6.180310 10.000000      0   0  44
 79     11.909729 23.077000 8.479087        7  52  53  71  74  84  85  44   5.465265 5.465265 6.180366 6.180366 6.180303 6.180303 10.000000      0   0  44
 80     6.909815 31.691189 9.370722        7  53  54  73  76  85  86  44   5.465311 5.465315 6.180380 6.180426 6.180310 6.180314 10.000000      0   0  44
 81     6.909839 34.278661 19.030182        7  54  55  68  75  83  86  44   5.465366 5.465309 6.180400 6.180394 6.180292 6.180355 10.000001      0   0  44
 82     9.999906 22.984926 20.078168        7  51  56  77  78  83  84  44   5.465329 5.465265 6.180355 6.180314 6.180319 6.180276 10.000000      0   0  44
 83     6.909817 28.308831 20.629289        7  55  56  77  81  82  86  44   5.465325 5.465315 6.180292 6.180292 6.180319 6.180319 10.000001      0   0  44
 84     9.999875 21.385842 14.108349        7  52  56  78  79  82  85  44   5.465329 5.465269 6.180310 6.180303 6.180276 6.180228 10.000000      0   0  44
 85     6.909791 25.721359 10.969896        7  53  56  79  80  84  86  44   5.465329 5.465269 6.180303 6.180310 6.180228 6.180276 10.000000      0   0  44
 86     5.000000 30.000000 15.000000        7  54  56  80  81  83  85  44   5.465329 5.465265 6.180314 6.180355 6.180319 6.180276 10.000000      0   1  44
