  1     21.000000 21.000000 21.000000        1   1   0   0   0   0   0   0   0.000000 0.000000 0.000000 0.000000 0.000000 0.000000 0.000000      1   0   1
  2     26.254871 22.019667 16.541611        4   3   4  13   1   0   0   0   2.818889 2.829348 2.825622 6.966392 0.000000 0.000000 0.000000      0   0   1
  3     24.203932 21.183072 14.798083        4   2   5   7   1   0   0   0   2.818889 2.821172 2.828458 6.983013 0.000000 0.000000 0.000000      0   0   1
  4     27.412279 20.200940 18.374054        4   2  12  36   1   0   0   0   2.829348 2.820144 2.832595 6.975056 0.000000 0.000000 0.000000      0   0   1
  5     23.287336 18.517155 14.906458        4   3   6  34   1   0   0   0   2.821172 2.830614 2.819962 6.966181 0.000000 0.000000 0.000000      0   0   1
  6     20.513506 17.975815 14.747741        4   5   9  39   1   0   0   0   2.830614 2.830330 2.823611 6.962264 0.000000 0.000000 0.000000      0   0   1
  7     22.363995 23.315857 14.541101        4   3   8  14   1   0   0   0   2.828458 2.824605 2.832425 6.995788 0.000000 0.000000 0.000000      0   0   1
  8     19.598683 22.762936 14.380716        4   7   9  55   1   0   0   0   2.824605 2.820974 2.830194 6.991892 0.000000 0.000000 0.000000      0   0   1
  9     18.665086 20.102939 14.484207        4   6   8  60   1   0   0   0   2.830330 2.820974 2.822051 6.979406 0.000000 0.000000 0.000000      0   0   1
 10     27.414381 23.647002 21.803655        4  11  12  21   1   0   0   0   2.818576 2.822718 2.824659 6.985468 0.000000 0.000000 0.000000      0   0   1
 11     26.272910 25.483590 19.995794        4  10  13  15   1   0   0   0   2.818576 2.825415 2.820526 6.993897 0.000000 0.000000 0.000000      0   0   1
 12     27.992106 20.998642 21.016153        4   4  10  20   1   0   0   0   2.820144 2.822718 2.817066 6.992124 0.000000 0.000000 0.000000      0   0   1
 13     25.690280 24.666227 17.354690        4   2  11  14   1   0   0   0   2.825622 2.825415 2.819172 6.980561 0.000000 0.000000 0.000000      0   0   1
 14     23.290129 25.478263 16.118729        4   7  13  17   1   0   0   0   2.832425 2.819172 2.824959 7.009018 0.000000 0.000000 0.000000      0   0   1
 15     24.437248 27.100292 21.400067        4  11  16  22   1   0   0   0   2.820526 2.827048 2.831872 7.013436 0.000000 0.000000 0.000000      0   0   1
 16     22.013833 27.892697 20.178855        4  15  17  51   1   0   0   0   2.827048 2.832789 2.823552 7.015084 0.000000 0.000000 0.000000      0   0   1
 17     21.440672 27.085490 17.524689        4  14  16  56   1   0   0   0   2.824959 2.832789 2.819238 7.021763 0.000000 0.000000 0.000000      0   0   1
 18     26.272310 19.308341 25.249589        4  19  20  29   1   0   0   0   2.828201 2.822378 2.819378 6.979826 0.000000 0.000000 0.000000      0   0   1
 19     25.696131 21.956078 26.059668        4  18  21  23   1   0   0   0   2.828201 2.825265 2.821970 6.969073 0.000000 0.000000 0.000000      0   0   1
 20     27.424362 18.827031 22.718396        4  12  18  28   1   0   0   0   2.817066 2.822378 2.818222 6.996221 0.000000 0.000000 0.000000      0   0   1
 21     26.267163 24.124054 24.340388        4  10  19  22   1   0   0   0   2.824659 2.825265 2.818903 6.975737 0.000000 0.000000 0.000000      0   0   1
 22     24.436032 26.253982 24.102521        4  15  21  25   1   0   0   0   2.831872 2.818903 2.823995 7.002591 0.000000 0.000000 0.000000      0   0   1
 23     23.294554 21.906011 27.540693        4  19  24  30   1   0   0   0   2.821970 2.832582 2.824307 6.990458 0.000000 0.000000 0.000000      0   0   1
 24     21.449618 24.040864 27.291433        4  23  25  47   1   0   0   0   2.832582 2.832169 2.822045 7.002224 0.000000 0.000000 0.000000      0   0   1
 25     22.019624 26.211135 25.563370        4  22  24  52   1   0   0   0   2.823995 2.832169 2.821918 7.001422 0.000000 0.000000 0.000000      0   0   1
 26     24.426174 15.030486 22.087927        4  27  28  37   1   0   0   0   2.829639 2.828850 2.821785 6.968310 0.000000 0.000000 0.000000      0   0   1
 27     23.285322 15.508186 24.632946        4  26  29  31   1   0   0   0   2.829639 2.825913 2.821850 6.970009 0.000000 0.000000 0.000000      0   0   1
 28     26.503335 16.692316 21.125577        4  20  26  36   1   0   0   0   2.818222 2.828850 2.819822 6.989893 0.000000 0.000000 0.000000      0   0   1
 29     24.210574 17.651362 26.225582        4  18  27  30   1   0   0   0   2.819378 2.825913 2.820654 6.987694 0.000000 0.000000 0.000000      0   0   1
 30     22.369448 19.239953 27.654819        4  23  29  33   1   0   0   0   2.824307 2.820654 2.826329 7.018531 0.000000 0.000000 0.000000      0   0   1
 31     20.521558 14.959447 24.480202        4  27  32  38   1   0   0   0   2.821850 2.825420 2.830257 6.987774 0.000000 0.000000 0.000000      0   0   1
 32     18.674205 16.570686 25.885261        4  31  33  43   1   0   0   0   2.825420 2.832860 2.822660 6.992418 0.000000 0.000000 0.000000      0   0   1
 33     19.596932 18.717335 27.487000        4  30  32  48   1   0   0   0   2.826329 2.832860 2.822356 7.018570 0.000000 0.000000 0.000000      0   0   1
 34     24.423615 16.674963 16.714049        4   5  35  36   1   0   0   0   2.819962 2.823302 2.822540 6.985446 0.000000 0.000000 0.000000      0   0   1
 35     22.351044 15.011448 17.667047        4  34  37  39   1   0   0   0   2.823302 2.827357 2.820917 6.985460 0.000000 0.000000 0.000000      0   0   1
 36     26.499160 17.520141 18.430010        4   4  28  34   1   0   0   0   2.832595 2.819822 2.822540 6.996787 0.000000 0.000000 0.000000      0   0   1
 37     22.353439 14.183805 20.370554        4  26  35  38   1   0   0   0   2.821785 2.827357 2.821350 6.977716 0.000000 0.000000 0.000000      0   0   1
 38     19.941890 14.138887 21.834258        4  31  37  41   1   0   0   0   2.830257 2.821350 2.827212 6.992171 0.000000 0.000000 0.000000      0   0   1
 39     19.931610 15.798338 16.448556        4   6  35  40   1   0   0   0   2.823611 2.820917 2.826217 6.993882 0.000000 0.000000 0.000000      0   0   1
 40     17.511505 15.775672 17.908035        4  39  41  59   1   0   0   0   2.826217 2.831025 2.826003 7.001674 0.000000 0.000000 0.000000      0   0   1
 41     17.521980 14.944267 20.614205        4  38  40  44   1   0   0   0   2.827212 2.831025 2.821366 6.994095 0.000000 0.000000 0.000000      0   0   1
 42     15.724458 20.006354 25.491185        4  43  45  48   1   0   0   0   2.832117 2.833168 2.822317 6.999244 0.000000 0.000000 0.000000      0   0   1
 43     16.258697 17.354396 24.652975        4  32  42  44   1   0   0   0   2.822660 2.832117 2.827533 7.008182 0.000000 0.000000 0.000000      0   0   1
 44     15.666082 16.547937 22.008477        4  41  43  58   1   0   0   0   2.821366 2.827533 2.822058 7.020582 0.000000 0.000000 0.000000      0   0   1
 45     14.589729 21.817637 23.631485        4  42  49  61   1   0   0   0   2.833168 2.832945 2.817982 6.977450 0.000000 0.000000 0.000000      0   0   1
 46     17.572496 25.324102 25.318941        4  47  49  52   1   0   0   0   2.820776 2.829173 2.828010 7.007060 0.000000 0.000000 0.000000      0   0   1
 47     18.681599 23.505366 27.167959        4  24  46  48   1   0   0   0   2.822045 2.820776 2.815938 7.049508 0.000000 0.000000 0.000000      0   0   1
 48     17.758520 20.846551 27.258141        4  33  42  47   1   0   0   0   2.822356 2.822317 2.815938 7.049473 0.000000 0.000000 0.000000      0   0   1
 49     15.534178 24.487097 23.544426        4  45  46  53   1   0   0   0   2.832945 2.829173 2.820961 6.964852 0.000000 0.000000 0.000000      0   0   1
 50     17.563748 27.015565 19.884634        4  51  53  56   1   0   0   0   2.829774 2.829668 2.820808 7.017043 0.000000 0.000000 0.000000      0   0   1
 51     19.604692 27.864982 21.651172        4  16  50  52   1   0   0   0   2.823552 2.829774 2.819015 7.035545 0.000000 0.000000 0.000000      0   0   1
 52     19.609435 27.025468 24.342276        4  25  46  51   1   0   0   0   2.821918 2.828010 2.819015 7.029278 0.000000 0.000000 0.000000      0   0   1
 53     15.516599 25.316176 20.848107        4  49  50  57   1   0   0   0   2.820961 2.829668 2.823320 6.979981 0.000000 0.000000 0.000000      0   0   1
 54     15.708515 22.715125 16.735248        4  55  57  60   1   0   0   0   2.826168 2.832405 2.832520 7.009249 0.000000 0.000000 0.000000      0   0   1
 55     17.756876 24.404643 15.767274        4   8  54  56   1   0   0   0   2.830194 2.826168 2.818003 7.034974 0.000000 0.000000 0.000000      0   0   1
 56     18.677700 26.558598 17.333704        4  17  50  55   1   0   0   0   2.819238 2.820808 2.818003 7.052150 0.000000 0.000000 0.000000      0   0   1
 57     14.565743 23.163912 19.287733        4  53  54  61   1   0   0   0   2.823320 2.832405 2.816813 7.001003 0.000000 0.000000 0.000000      0   0   1
 58     14.506366 18.360733 20.182870        4  44  59  61   1   0   0   0   2.822058 2.831181 2.808886 7.056962 0.000000 0.000000 0.000000      0   0   1
 59     15.652372 17.886800 17.637749        4  40  58  60   1   0   0   0   2.826003 2.831181 2.822939 7.042292 0.000000 0.000000 0.000000      0   0   1
 60     16.239484 20.053188 15.925718        4   9  54  59   1   0   0   0   2.822051 2.832520 2.822939 7.021916 0.000000 0.000000 0.000000      0   0   1
 61     14.000000 21.000000 21.000000        4  45  57  58   1   0   0   0   2.817982 2.816813 2.808886 7.000000 0.000000 0.000000 0.000000      0   1   1
