  1     25.000000 25.000000 25.000000        0   0   0   0       0   0   0   0       0   0   0   0       1   0   1      0.010000     2.689556 0.000000 
  2     16.450884 20.392252 27.585518        1  67   0   0       2   3   6   0       0   0   0   0       0   0   1      0.000000     2.689556 0.000000 
  3     17.296355 18.729866 26.530566        1  97   0   0       2   2   4   0       0   0   0   0       0   0   1      0.000000     2.689556 0.000000 
  4     18.664318 17.736640 27.847175        1 109   0   0       2   3   5   0       0   0   0   0       0   0   1      0.000000     2.689556 0.000000 
  5     18.664311 18.785192 29.715804        1  88   0   0       2   4   6   0       0   0   0   0       0   0   1      0.000000     2.689556 0.000000 
  6     17.296344 20.426444 29.554096        1  70   0   0       2   2   5   0       0   0   0   0       0   0   1      0.000000     2.689556 0.000000 
  7     18.850860 26.795672 32.743836        1  73   0   0       2   8  11   0       0   0   0   0       0   0   1      0.000000     2.689556 0.000000 
  8     20.675687 27.026273 33.842968        1  85   0   0       2   7   9   0       0   0   0   0       0   0   1      0.000000     2.689556 0.000000 
  9     21.414922 29.006437 33.491115        1 127   0   0       2   8  10   0       0   0   0   0       0   0   1      0.000000     2.689556 0.000000 
 10     20.046933 29.999681 32.174507        1 142   0   0       2   9  11   0       0   0   0   0       0   0   1      0.000000     2.689556 0.000000 
 11     18.462252 28.633333 31.712687        1  76   0   0       2   7  10   0       0   0   0   0       0   0   1      0.000000     2.689556 0.000000 
 12     15.585446 28.517005 25.014276        1  79   0   0       2  13  16   0       0   0   0   0       0   0   1      0.000000     2.689556 0.000000 
 13     16.324666 29.849149 23.507496        1 139   0   0       2  12  14   0       0   0   0   0       0   0   1      0.000000     2.689556 0.000000 
 14     16.324676 28.800594 21.638849        1 154   0   0       2  13  15   0       0   0   0   0       0   0   1      0.000000     2.689556 0.000000 
 15     15.585447 26.820414 21.990728        1 100   0   0       2  14  16   0       0   0   0   0       0   0   1      0.000000     2.689556 0.000000 
 16     15.128596 26.645160 24.076852        1  64   0   0       2  12  15   0       0   0   0   0       0   0   1      0.000000     2.689556 0.000000 
 17     18.462305 21.163830 18.401073        1 103   0   0       2  18  21   0       0   0   0   0       0   0   1      0.000000     2.689556 0.000000 
 18     20.047001 21.481594 16.994251        1 151   0   0       2  17  19   0       0   0   0   0       0   0   1      0.000000     2.689556 0.000000 
 19     21.414970 19.840351 17.155964        1 166   0   0       2  18  20   0       0   0   0   0       0   0   1      0.000000     2.689556 0.000000 
 20     20.675744 18.508212 18.662737        1 112   0   0       2  19  21   0       0   0   0   0       0   0   1      0.000000     2.689556 0.000000 
 21     18.850908 19.326185 19.432237        1  94   0   0       2  17  20   0       0   0   0   0       0   0   1      0.000000     2.689556 0.000000 
 22     25.330504 15.128598 23.142703        1 115   0   0       2  23  26   0       0   0   0   0       0   0   1      0.000000     2.689556 0.000000 
 23     27.437728 15.467493 22.952532        1 163   0   0       2  22  24   0       0   0   0   0       0   0   1      0.000000     2.689556 0.000000 
 24     28.283180 15.501697 24.921138        1 178   0   0       2  23  25   0       0   0   0   0       0   0   1      0.000000     2.689556 0.000000 
 25     26.698475 15.183931 26.327966        1 118   0   0       2  24  26   0       0   0   0   0       0   0   1      0.000000     2.689556 0.000000 
 26     24.873633 14.953358 25.228834        1 106   0   0       2  22  25   0       0   0   0   0       0   0   1      0.000000     2.689556 0.000000 
 27     24.873567 19.569806 33.455797        1  91   0   0       2  28  31   0       0   0   0   0       0   0   1      0.000000     2.689556 0.000000 
 28     26.698417 18.751828 32.686298        1 121   0   0       2  27  29   0       0   0   0   0       0   0   1      0.000000     2.689556 0.000000 
 29     28.283121 20.118148 33.148113        1 175   0   0       2  28  30   0       0   0   0   0       0   0   1      0.000000     2.689556 0.000000 
 30     27.437645 21.780563 34.203060        1 130   0   0       2  29  31   0       0   0   0   0       0   0   1      0.000000     2.689556 0.000000 
 31     25.330431 21.441646 34.393223        1  82   0   0       2  27  30   0       0   0   0   0       0   0   1      0.000000     2.689556 0.000000 
 32     22.562272 34.532507 27.047468        1 145   0   0       2  33  36   0       0   0   0   0       0   0   1      0.000000     2.689556 0.000000 
 33     24.669496 34.871402 26.857297        1 187   0   0       2  32  34   0       0   0   0   0       0   0   1      0.000000     2.689556 0.000000 
 34     25.126367 35.046642 24.771166        1 217   0   0       2  33  35   0       0   0   0   0       0   0   1      0.000000     2.689556 0.000000 
 35     23.301525 34.816069 23.672034        1 190   0   0       2  34  36   0       0   0   0   0       0   0   1      0.000000     2.689556 0.000000 
 36     21.716820 34.498303 25.078862        1 136   0   0       2  32  35   0       0   0   0   0       0   0   1      0.000000     2.689556 0.000000 
 37     21.716879 29.881852 16.851887        1 157   0   0       2  38  41   0       0   0   0   0       0   0   1      0.000000     2.689556 0.000000 
 38     23.301583 31.248172 17.313702        1 193   0   0       2  37  39   0       0   0   0   0       0   0   1      0.000000     2.689556 0.000000 
 39     25.126433 30.430194 16.544203        1 229   0   0       2  38  40   0       0   0   0   0       0   0   1      0.000000     2.689556 0.000000 
 40     24.669569 28.558354 15.606777        1 196   0   0       2  39  41   0       0   0   0   0       0   0   1      0.000000     2.689556 0.000000 
 41     22.562352 28.219428 15.796935        1 148   0   0       2  37  40   0       0   0   0   0       0   0   1      0.000000     2.689556 0.000000 
 42     28.585078 20.993563 16.508885        1 169   0   0       2  43  46   0       0   0   0   0       0   0   1      0.000000     2.689556 0.000000 
 43     29.324315 22.973736 16.157037        1 199   0   0       2  42  44   0       0   0   0   0       0   0   1      0.000000     2.689556 0.000000 
 44     31.149140 23.204328 17.256164        1 235   0   0       2  43  45   0       0   0   0   0       0   0   1      0.000000     2.689556 0.000000 
 45     31.537748 21.366667 18.287313        1 202   0   0       2  44  46   0       0   0   0   0       0   0   1      0.000000     2.689556 0.000000 
 46     29.953067 20.000319 17.825493        1 160   0   0       2  42  45   0       0   0   0   0       0   0   1      0.000000     2.689556 0.000000 
 47     33.675334 20.150851 26.492504        1 181   0   0       2  48  51   0       0   0   0   0       0   0   1      0.000000     2.689556 0.000000 
 48     34.414554 21.482995 24.985724        1 205   0   0       2  47  49   0       0   0   0   0       0   0   1      0.000000     2.689556 0.000000 
 49     34.871404 23.354840 25.923148        1 241   0   0       2  48  50   0       0   0   0   0       0   0   1      0.000000     2.689556 0.000000 
 50     34.414553 23.179586 28.009272        1 208   0   0       2  49  51   0       0   0   0   0       0   0   1      0.000000     2.689556 0.000000 
 51     33.675324 21.199406 28.361151        1 172   0   0       2  47  50   0       0   0   0   0       0   0   1      0.000000     2.689556 0.000000 
 52     29.952999 28.518406 33.005749        1 133   0   0       2  53  56   0       0   0   0   0       0   0   1      0.000000     2.689556 0.000000 
 53     31.537695 28.836170 31.598927        1 211   0   0       2  52  54   0       0   0   0   0       0   0   1      0.000000     2.689556 0.000000 
 54     31.149092 30.673815 30.567763        1 220   0   0       2  53  55   0       0   0   0   0       0   0   1      0.000000     2.689556 0.000000 
 55     29.324256 31.491788 31.337263        1 184   0   0       2  54  56   0       0   0   0   0       0   0   1      0.000000     2.689556 0.000000 
 56     28.585030 30.159649 32.844036        1 124   0   0       2  52  55   0       0   0   0   0       0   0   1      0.000000     2.689556 0.000000 
 57     33.549111 29.607753 22.414474        1 238   0   0       2  58  61   0       0   0   0   0       0   0   1      0.000000     2.689556 0.000000 
 58     32.703656 29.573556 20.445904        1 232   0   0       2  57  59   0       0   0   0   0       0   0   1      0.000000     2.689556 0.000000 
 59     31.335689 31.214808 20.284196        1 226   0   0       2  58  60   0       0   0   0   0       0   0   1      0.000000     2.689556 0.000000 
 60     31.335682 32.263360 22.152825        1 214   0   0       2  59  61   0       0   0   0   0       0   0   1      0.000000     2.689556 0.000000 
 61     32.703645 31.270134 23.469434        1 223   0   0       2  57  60   0       0   0   0   0       0   0   1      0.000000     2.689556 0.000000 
 62     15.616777 23.389079 27.891683        1  67   0   0       2  63  69   0       0   0   0   0       0   0   1      0.000000     2.689556 0.000000 
 63     15.228170 25.226740 26.860535        1  64   0   0       2  62  74   0       0   0   0   0       0   0   1      0.000000     2.689556 0.000000 
 64     14.949953 25.000000 25.000000        3  16  63  65       0   0   0   0       0   0   0   0       0   0   1      0.000000     2.689556 0.000000 
 65     15.228179 23.530150 23.836981        1  64   0   0       2  66  99   0       0   0   0   0       0   0   1      0.000000     2.689556 0.000000 
 66     15.616788 21.692500 24.868153        1  67   0   0       2  65  92   0       0   0   0   0       0   0   1      0.000000     2.689556 0.000000 
 67     15.611093 21.873589 26.754302        3   2  62  66       0   0   0   0       0   0   0   0       0   0   1      0.000000     2.689556 0.000000 
 68     16.919103 25.295111 30.797731        1  73   0   0       2  69  75   0       0   0   0   0       0   0   1      0.000000     2.689556 0.000000 
 69     16.462253 23.423267 29.860306        1  70   0   0       2  62  68   0       0   0   0   0       0   0   1      0.000000     2.689556 0.000000 
 70     17.302029 21.941969 30.691503        3   6  69  71       0   0   0   0       0   0   0   0       0   0   1      0.000000     2.689556 0.000000 
 71     18.675675 21.816212 31.990585        1  70   0   0       2  72  87   0       0   0   0   0       0   0   1      0.000000     2.689556 0.000000 
 72     19.132539 23.688052 32.928011        1  73   0   0       2  71  80   0       0   0   0   0       0   0   1      0.000000     2.689556 0.000000 
 73     18.079269 25.126534 32.286348        3   7  68  72       0   0   0   0       0   0   0   0       0   0   1      0.000000     2.689556 0.000000 
 74     15.685029 27.098643 27.797981        1  79   0   0       2  63  75   0       0   0   0   0       0   0   1      0.000000     2.689556 0.000000 
 75     16.530482 27.132832 29.766547        1  76   0   0       2  68  74   0       0   0   0   0       0   0   1      0.000000     2.689556 0.000000 
 76     17.302045 28.801910 30.224023        3  11  75  77       0   0   0   0       0   0   0   0       0   0   1      0.000000     2.689556 0.000000 
 77     17.726555 30.336841 29.197219        1  76   0   0       2  78 141   0       0   0   0   0       0   0   1      0.000000     2.689556 0.000000 
 78     16.881097 30.302646 27.228623        1  79   0   0       2  77 134   0       0   0   0   0       0   0   1      0.000000     2.689556 0.000000 
 79     15.863658 28.743753 26.874864        3  12  74  78       0   0   0   0       0   0   0   0       0   0   1      0.000000     2.689556 0.000000 
 80     20.957425 23.918655 34.027179        1  85   0   0       2  72  81   0       0   0   0   0       0   0   1      0.000000     2.689556 0.000000 
 81     22.325389 22.277417 34.188884        1  82   0   0       2  80  86   0       0   0   0   0       0   0   1      0.000000     2.689556 0.000000 
 82     24.056319 22.795467 34.759772        3  31  81  83       0   0   0   0       0   0   0   0       0   0   1      0.000000     2.689556 0.000000 
 83     24.889465 24.488177 34.936166        1  82   0   0       2  84 129   0       0   0   0   0       0   0   1      0.000000     2.689556 0.000000 
 84     23.521488 26.129420 34.774458        1  85   0   0       2  83 122   0       0   0   0   0       0   0   1      0.000000     2.689556 0.000000 
 85     21.728983 25.587738 34.484648        3   8  80  84       0   0   0   0       0   0   0   0       0   0   1      0.000000     2.689556 0.000000 
 86     21.868507 20.405518 33.251441        1  91   0   0       2  81  87   0       0   0   0   0       0   0   1      0.000000     2.689556 0.000000 
 87     20.043674 20.174921 32.152301        1  88   0   0       2  71  86   0       0   0   0   0       0   0   1      0.000000     2.689556 0.000000 
 88     20.037997 18.659435 31.014932        3   5  87  89       0   0   0   0       0   0   0   0       0   0   1      0.000000     2.689556 0.000000 
 89     21.411665 17.485121 30.445387        1  88   0   0       2  90 108   0       0   0   0   0       0   0   1      0.000000     2.689556 0.000000 
 90     23.236493 17.715700 31.544516        1  91   0   0       2  89 116   0       0   0   0   0       0   0   1      0.000000     2.689556 0.000000 
 91     23.142582 19.051728 32.884896        3  27  86  90       0   0   0   0       0   0   0   0       0   0   1      0.000000     2.689556 0.000000 
 92     16.462276 20.030057 23.813162        1  97   0   0       2  66  93   0       0   0   0   0       0   0   1      0.000000     2.689556 0.000000 
 93     16.919136 20.205312 21.727033        1  94   0   0       2  92  98   0       0   0   0   0       0   0   1      0.000000     2.689556 0.000000 
 94     18.079305 18.846916 21.095244        3  21  93  95       0   0   0   0       0   0   0   0       0   0   1      0.000000     2.689556 0.000000 
 95     19.132577 17.549691 21.988679        1  94   0   0       2  96 111   0       0   0   0   0       0   0   1      0.000000     2.689556 0.000000 
 96     18.675706 17.374451 24.074811        1  97   0   0       2  95 104   0       0   0   0   0       0   0   1      0.000000     2.689556 0.000000 
 97     17.302047 18.548765 24.644351        3   3  92  96       0   0   0   0       0   0   0   0       0   0   1      0.000000     2.689556 0.000000 
 98     16.530518 22.043016 20.695834        1 103   0   0       2  93  99   0       0   0   0   0       0   0   1      0.000000     2.689556 0.000000 
 99     15.685055 23.705405 21.750799        1 100   0   0       2  65  98   0       0   0   0   0       0   0   1      0.000000     2.689556 0.000000 
100     15.863684 25.350515 20.827682        3  15  99 101       0   0   0   0       0   0   0   0       0   0   1      0.000000     2.689556 0.000000 
101     16.881130 25.860845 19.312789        1 100   0   0       2 102 153   0       0   0   0   0       0   0   1      0.000000     2.689556 0.000000 
102     17.726611 24.198424 18.257848        1 103   0   0       2 101 146   0       0   0   0   0       0   0   1      0.000000     2.689556 0.000000 
103     17.302084 22.522264 19.032882        3  17  98 102       0   0   0   0       0   0   0   0       0   0   1      0.000000     2.689556 0.000000 
104     20.043724 16.381197 25.391465        1 109   0   0       2  96 105   0       0   0   0   0       0   0   1      0.000000     2.689556 0.000000 
105     21.868555 15.563229 24.621958        1 106   0   0       2 104 110   0       0   0   0   0       0   0   1      0.000000     2.689556 0.000000 
106     23.142638 15.170669 25.968458        3  26 105 107       0   0   0   0       0   0   0   0       0   0   1      0.000000     2.689556 0.000000 
107     23.236527 15.618560 27.807203        1 106   0   0       2 108 117   0       0   0   0   0       0   0   1      0.000000     2.689556 0.000000 
108     21.411677 16.436538 28.576701        1 109   0   0       2  89 107   0       0   0   0   0       0   0   1      0.000000     2.689556 0.000000 
109     20.038031 16.562295 27.277619        3   4 104 108       0   0   0   0       0   0   0   0       0   0   1      0.000000     2.689556 0.000000 
110     22.325437 15.738477 22.535765        1 115   0   0       2 105 111   0       0   0   0   0       0   0   1      0.000000     2.689556 0.000000 
111     20.957462 16.731693 21.219157        1 112   0   0       2  95 110   0       0   0   0   0       0   0   1      0.000000     2.689556 0.000000 
112     21.729036 17.210942 19.556199        3  20 111 113       0   0   0   0       0   0   0   0       0   0   1      0.000000     2.689556 0.000000 
113     23.521525 17.245855 18.942866        1 112   0   0       2 114 165   0       0   0   0   0       0   0   1      0.000000     2.689556 0.000000 
114     24.889525 16.252621 20.259473        1 115   0   0       2 113 158   0       0   0   0   0       0   0   1      0.000000     2.689556 0.000000 
115     24.056383 15.521168 21.796161        3  22 110 114       0   0   0   0       0   0   0   0       0   0   1      0.000000     2.689556 0.000000 
116     25.061399 16.897700 30.775008        1 121   0   0       2  90 117   0       0   0   0   0       0   0   1      0.000000     2.689556 0.000000 
117     25.061416 15.849148 28.906373        1 118   0   0       2 107 116   0       0   0   0   0       0   0   1      0.000000     2.689556 0.000000 
118     26.792362 15.631839 28.166770        3  25 117 119       0   0   0   0       0   0   0   0       0   0   1      0.000000     2.689556 0.000000 
119     28.470962 16.397488 28.598677        1 118   0   0       2 120 177   0       0   0   0   0       0   0   1      0.000000     2.689556 0.000000 
120     28.470956 17.446051 30.467329        1 121   0   0       2 119 170   0       0   0   0   0       0   0   1      0.000000     2.689556 0.000000 
121     26.792334 17.415756 31.345883        3  28 116 120       0   0   0   0       0   0   0   0       0   0   1      0.000000     2.689556 0.000000 
122     24.260750 28.109652 34.422580        1 127   0   0       2  84 123   0       0   0   0   0       0   0   1      0.000000     2.689556 0.000000 
123     26.367962 28.448572 34.232435        1 124   0   0       2 122 128   0       0   0   0   0       0   0   1      0.000000     2.689556 0.000000 
124     26.792484 30.124738 33.457394        3  56 123 125       0   0   0   0       0   0   0   0       0   0   1      0.000000     2.689556 0.000000 
125     25.739221 31.421963 32.563954        1 124   0   0       2 126 183   0       0   0   0   0       0   0   1      0.000000     2.689556 0.000000 
126     23.631998 31.083068 32.754124        1 127   0   0       2 125 143   0       0   0   0   0       0   0   1      0.000000     2.689556 0.000000 
127     23.207483 29.548143 33.780921        3   9 122 126       0   0   0   0       0   0   0   0       0   0   1      0.000000     2.689556 0.000000 
128     27.735975 26.807277 34.394153        1 133   0   0       2 123 129   0       0   0   0   0       0   0   1      0.000000     2.689556 0.000000 
129     26.996729 24.827104 34.746006        1 130   0   0       2  83 128   0       0   0   0   0       0   0   1      0.000000     2.689556 0.000000 
130     28.270807 23.473324 34.379467        3  30 129 131       0   0   0   0       0   0   0   0       0   0   1      0.000000     2.689556 0.000000 
131     29.949427 23.503610 33.500908        1 130   0   0       2 132 174   0       0   0   0   0       0   0   1      0.000000     2.689556 0.000000 
132     30.688642 25.483795 33.149026        1 133   0   0       2 131 206   0       0   0   0   0       0   0   1      0.000000     2.689556 0.000000 
133     29.528464 26.842190 33.780821        3  52 128 132       0   0   0   0       0   0   0   0       0   0   1      0.000000     2.689556 0.000000 
134     17.620346 31.634833 25.721796        1 139   0   0       2  78 135   0       0   0   0   0       0   0   1      0.000000     2.689556 0.000000 
135     19.205027 33.001181 26.183617        1 136   0   0       2 134 140   0       0   0   0   0       0   0   1      0.000000     2.689556 0.000000 
136     20.038168 33.732637 24.646946        3  36 135 137       0   0   0   0       0   0   0   0       0   0   1      0.000000     2.689556 0.000000 
137     19.944273 33.284751 22.808193        1 136   0   0       2 138 189   0       0   0   0   0       0   0   1      0.000000     2.689556 0.000000 
138     18.359576 31.918422 22.346368        1 139   0   0       2 137 155   0       0   0   0   0       0   0   1      0.000000     2.689556 0.000000 
139     17.342130 31.408093 23.861262        3  13 134 138       0   0   0   0       0   0   0   0       0   0   1      0.000000     2.689556 0.000000 
140     20.050509 33.035375 28.152269        1 145   0   0       2 135 141   0       0   0   0   0       0   0   1      0.000000     2.689556 0.000000 
141     19.311289 31.703231 29.659050        1 142   0   0       2  77 140   0       0   0   0   0       0   0   1      0.000000     2.689556 0.000000 
142     20.471455 31.534653 31.147667        3  10 141 143       0   0   0   0       0   0   0   0       0   0   1      0.000000     2.689556 0.000000 
143     22.263959 32.076335 31.437478        1 142   0   0       2 126 144   0       0   0   0   0       0   0   1      0.000000     2.689556 0.000000 
144     23.003193 33.408474 29.930700        1 145   0   0       2 143 182   0       0   0   0   0       0   0   1      0.000000     2.689556 0.000000 
145     21.729103 33.801031 28.584187        3  32 140 144       0   0   0   0       0   0   0   0       0   0   1      0.000000     2.689556 0.000000 
146     19.311358 24.516205 16.850974        1 151   0   0       2 102 147   0       0   0   0   0       0   0   1      0.000000     2.689556 0.000000 
147     20.050573 26.496390 16.499092        1 148   0   0       2 146 152   0       0   0   0   0       0   0   1      0.000000     2.689556 0.000000 
148     21.729193 26.526676 15.620533        3  41 147 149       0   0   0   0       0   0   0   0       0   0   1      0.000000     2.689556 0.000000 
149     23.003271 25.172896 15.253994        1 148   0   0       2 150 195   0       0   0   0   0       0   0   1      0.000000     2.689556 0.000000 
150     22.264025 23.192723 15.605847        1 151   0   0       2 149 167   0       0   0   0   0       0   0   1      0.000000     2.689556 0.000000 
151     20.471536 23.157810 16.219179        3  18 146 150       0   0   0   0       0   0   0   0       0   0   1      0.000000     2.689556 0.000000 
152     19.205073 28.158858 17.554066        1 157   0   0       2 147 153   0       0   0   0   0       0   0   1      0.000000     2.689556 0.000000 
153     17.620373 27.841087 18.960900        1 154   0   0       2 101 152   0       0   0   0   0       0   0   1      0.000000     2.689556 0.000000 
154     17.342151 29.310943 20.123906        3  14 153 155       0   0   0   0       0   0   0   0       0   0   1      0.000000     2.689556 0.000000 
155     18.359590 30.869836 20.477665        1 154   0   0       2 138 156   0       0   0   0   0       0   0   1      0.000000     2.689556 0.000000 
156     19.944292 31.187593 19.070833        1 157   0   0       2 155 188   0       0   0   0   0       0   0   1      0.000000     2.689556 0.000000 
157     20.038210 29.851567 17.730465        3  37 152 156       0   0   0   0       0   0   0   0       0   0   1      0.000000     2.689556 0.000000 
158     26.996807 16.591526 20.069300        1 163   0   0       2 114 159   0       0   0   0   0       0   0   1      0.000000     2.689556 0.000000 
159     27.736041 17.923665 18.562522        1 160   0   0       2 158 164   0       0   0   0   0       0   0   1      0.000000     2.689556 0.000000 
160     29.528545 18.465347 18.852333        3  46 159 161       0   0   0   0       0   0   0   0       0   0   1      0.000000     2.689556 0.000000 
161     30.688711 18.296769 20.340950        1 160   0   0       2 162 201   0       0   0   0   0       0   0   1      0.000000     2.689556 0.000000 
162     29.949491 16.964625 21.847731        1 163   0   0       2 161 179   0       0   0   0   0       0   0   1      0.000000     2.689556 0.000000 
163     28.270897 16.198969 21.415813        3  23 158 162       0   0   0   0       0   0   0   0       0   0   1      0.000000     2.689556 0.000000 
164     26.368005 18.916941 17.245881        1 169   0   0       2 159 165   0       0   0   0   0       0   0   1      0.000000     2.689556 0.000000 
165     24.260779 18.578037 17.436046        1 166   0   0       2 113 164   0       0   0   0   0       0   0   1      0.000000     2.689556 0.000000 
166     23.207516 19.875262 16.542606        3  19 165 167       0   0   0   0       0   0   0   0       0   0   1      0.000000     2.689556 0.000000 
167     23.632038 21.551428 15.767565        1 166   0   0       2 150 168   0       0   0   0   0       0   0   1      0.000000     2.689556 0.000000 
168     25.739250 21.890348 15.577420        1 169   0   0       2 167 194   0       0   0   0   0       0   0   1      0.000000     2.689556 0.000000 
169     26.792517 20.451857 16.219079        3  42 164 168       0   0   0   0       0   0   0   0       0   0   1      0.000000     2.689556 0.000000 
170     30.055708 18.812407 30.929167        1 175   0   0       2 120 171   0       0   0   0   0       0   0   1      0.000000     2.689556 0.000000 
171     31.640410 19.130164 29.522335        1 172   0   0       2 170 176   0       0   0   0   0       0   0   1      0.000000     2.689556 0.000000 
172     32.657849 20.689057 29.876094        3  51 171 173       0   0   0   0       0   0   0   0       0   0   1      0.000000     2.689556 0.000000 
173     32.379627 22.158913 31.039100        1 172   0   0       2 174 207   0       0   0   0   0       0   0   1      0.000000     2.689556 0.000000 
174     30.794927 21.841142 32.445934        1 175   0   0       2 131 173   0       0   0   0   0       0   0   1      0.000000     2.689556 0.000000 
175     29.961790 20.148433 32.269535        3  29 170 174       0   0   0   0       0   0   0   0       0   0   1      0.000000     2.689556 0.000000 
176     31.640422 18.081569 27.653627        1 181   0   0       2 171 177   0       0   0   0   0       0   0   1      0.000000     2.689556 0.000000 
177     30.055727 16.715249 27.191807        1 178   0   0       2 119 176   0       0   0   0   0       0   0   1      0.000000     2.689556 0.000000 
178     29.961832 16.267363 25.353054        3  24 177 179       0   0   0   0       0   0   0   0       0   0   1      0.000000     2.689556 0.000000 
179     30.794973 16.998819 23.816383        1 178   0   0       2 162 180   0       0   0   0   0       0   0   1      0.000000     2.689556 0.000000 
180     32.379654 18.365167 24.278204        1 181   0   0       2 179 200   0       0   0   0   0       0   0   1      0.000000     2.689556 0.000000 
181     32.657870 18.591907 26.138738        3  47 176 180       0   0   0   0       0   0   0   0       0   0   1      0.000000     2.689556 0.000000 
182     25.110475 33.747379 29.740527        1 187   0   0       2 144 183   0       0   0   0   0       0   0   1      0.000000     2.689556 0.000000 
183     26.478475 32.754145 31.057134        1 184   0   0       2 125 182   0       0   0   0   0       0   0   1      0.000000     2.689556 0.000000 
184     28.270964 32.789058 30.443801        3  55 183 185       0   0   0   0       0   0   0   0       0   0   1      0.000000     2.689556 0.000000 
185     29.042538 33.268307 28.780843        1 184   0   0       2 186 219   0       0   0   0   0       0   0   1      0.000000     2.689556 0.000000 
186     27.674563 34.261523 27.464235        1 187   0   0       2 185 212   0       0   0   0   0       0   0   1      0.000000     2.689556 0.000000 
187     25.943617 34.478832 28.203839        3  33 182 186       0   0   0   0       0   0   0   0       0   0   1      0.000000     2.689556 0.000000 
188     21.529044 32.553949 19.532671        1 193   0   0       2 156 189   0       0   0   0   0       0   0   1      0.000000     2.689556 0.000000 
189     21.529038 33.602512 21.401323        1 190   0   0       2 137 188   0       0   0   0   0       0   0   1      0.000000     2.689556 0.000000 
190     23.207638 34.368161 21.833230        3  35 189 191       0   0   0   0       0   0   0   0       0   0   1      0.000000     2.689556 0.000000 
191     24.938584 34.150852 21.093627        1 190   0   0       2 192 216   0       0   0   0   0       0   0   1      0.000000     2.689556 0.000000 
192     24.938601 33.102300 19.224992        1 193   0   0       2 191 224   0       0   0   0   0       0   0   1      0.000000     2.689556 0.000000 
193     23.207666 32.584244 18.654117        3  38 188 192       0   0   0   0       0   0   0   0       0   0   1      0.000000     2.689556 0.000000 
194     26.478512 23.870580 15.225542        1 199   0   0       2 168 195   0       0   0   0   0       0   0   1      0.000000     2.689556 0.000000 
195     25.110535 25.511823 15.063834        1 196   0   0       2 149 194   0       0   0   0   0       0   0   1      0.000000     2.689556 0.000000 
196     25.943681 27.204533 15.240228        3  40 195 197       0   0   0   0       0   0   0   0       0   0   1      0.000000     2.689556 0.000000 
197     27.674611 27.722583 15.811116        1 196   0   0       2 198 228   0       0   0   0   0       0   0   1      0.000000     2.689556 0.000000 
198     29.042575 26.081345 15.972821        1 199   0   0       2 197 230   0       0   0   0   0       0   0   1      0.000000     2.689556 0.000000 
199     28.271017 24.412262 15.515352        3  43 194 198       0   0   0   0       0   0   0   0       0   0   1      0.000000     2.689556 0.000000 
200     33.118903 19.697354 22.771377        1 205   0   0       2 180 201   0       0   0   0   0       0   0   1      0.000000     2.689556 0.000000 
201     32.273445 19.663159 20.802781        1 202   0   0       2 161 200   0       0   0   0   0       0   0   1      0.000000     2.689556 0.000000 
202     32.697955 21.198090 19.775977        3  45 201 203       0   0   0   0       0   0   0   0       0   0   1      0.000000     2.689556 0.000000 
203     33.469518 22.867168 20.233453        1 202   0   0       2 204 234   0       0   0   0   0       0   0   1      0.000000     2.689556 0.000000 
204     34.314971 22.901357 22.202019        1 205   0   0       2 203 236   0       0   0   0   0       0   0   1      0.000000     2.689556 0.000000 
205     34.136342 21.256247 23.125136        3  48 200 204       0   0   0   0       0   0   0   0       0   0   1      0.000000     2.689556 0.000000 
206     32.273389 25.801576 31.742152        1 211   0   0       2 132 207   0       0   0   0   0       0   0   1      0.000000     2.689556 0.000000 
207     33.118870 24.139155 30.687211        1 208   0   0       2 173 206   0       0   0   0   0       0   0   1      0.000000     2.689556 0.000000 
208     34.136316 24.649485 29.172318        3  50 207 209       0   0   0   0       0   0   0   0       0   0   1      0.000000     2.689556 0.000000 
209     34.314945 26.294595 28.249201        1 208   0   0       2 210 240   0       0   0   0   0       0   0   1      0.000000     2.689556 0.000000 
210     33.469482 27.956984 29.304166        1 211   0   0       2 209 221   0       0   0   0   0       0   0   1      0.000000     2.689556 0.000000 
211     32.697916 27.477736 30.967118        3  53 206 210       0   0   0   0       0   0   0   0       0   0   1      0.000000     2.689556 0.000000 
212     28.131445 34.436771 25.378042        1 217   0   0       2 186 213   0       0   0   0   0       0   0   1      0.000000     2.689556 0.000000 
213     29.956276 33.618803 24.608535        1 214   0   0       2 212 218   0       0   0   0   0       0   0   1      0.000000     2.689556 0.000000 
214     29.961969 33.437705 22.722381        3  60 213 215       0   0   0   0       0   0   0   0       0   0   1      0.000000     2.689556 0.000000 
215     28.588323 33.563462 21.423299        1 214   0   0       2 216 225   0       0   0   0   0       0   0   1      0.000000     2.689556 0.000000 
216     26.763473 34.381440 22.192797        1 217   0   0       2 191 215   0       0   0   0   0       0   0   1      0.000000     2.689556 0.000000 
217     26.857360 34.829322 24.031537        3  34 212 216       0   0   0   0       0   0   0   0       0   0   1      0.000000     2.689556 0.000000 
218     31.324294 32.625549 25.925189        1 223   0   0       2 213 219   0       0   0   0   0       0   0   1      0.000000     2.689556 0.000000 
219     30.867418 32.450314 28.011314        1 220   0   0       2 185 218   0       0   0   0   0       0   0   1      0.000000     2.689556 0.000000 
220     31.920695 31.153084 28.904756        3  54 219 221       0   0   0   0       0   0   0   0       0   0   1      0.000000     2.689556 0.000000 
221     33.080864 29.794688 28.272967        1 220   0   0       2 210 222   0       0   0   0   0       0   0   1      0.000000     2.689556 0.000000 
222     33.537724 29.969943 26.186838        1 223   0   0       2 221 239   0       0   0   0   0       0   0   1      0.000000     2.689556 0.000000 
223     32.697953 31.451235 25.355649        3  61 218 222       0   0   0   0       0   0   0   0       0   0   1      0.000000     2.689556 0.000000 
224     26.763507 32.284300 18.455484        1 229   0   0       2 192 225   0       0   0   0   0       0   0   1      0.000000     2.689556 0.000000 
225     28.588335 32.514879 19.554613        1 226   0   0       2 215 224   0       0   0   0   0       0   0   1      0.000000     2.689556 0.000000 
226     29.962003 31.340565 18.985068        3  59 225 227       0   0   0   0       0   0   0   0       0   0   1      0.000000     2.689556 0.000000 
227     29.956326 29.825079 17.847699        1 226   0   0       2 228 231   0       0   0   0   0       0   0   1      0.000000     2.689556 0.000000 
228     28.131493 29.594482 16.748559        1 229   0   0       2 197 227   0       0   0   0   0       0   0   1      0.000000     2.689556 0.000000 
229     26.857418 30.948272 17.115104        3  39 224 228       0   0   0   0       0   0   0   0       0   0   1      0.000000     2.689556 0.000000 
230     30.867461 26.311948 17.071989        1 235   0   0       2 198 231   0       0   0   0   0       0   0   1      0.000000     2.689556 0.000000 
231     31.324325 28.183788 18.009415        1 232   0   0       2 227 230   0       0   0   0   0       0   0   1      0.000000     2.689556 0.000000 
232     32.697971 28.058031 19.308497        3  58 231 233       0   0   0   0       0   0   0   0       0   0   1      0.000000     2.689556 0.000000 
233     33.537747 26.576733 20.139694        1 232   0   0       2 234 237   0       0   0   0   0       0   0   1      0.000000     2.689556 0.000000 
234     33.080897 24.704889 19.202269        1 235   0   0       2 203 233   0       0   0   0   0       0   0   1      0.000000     2.689556 0.000000 
235     31.920731 24.873466 17.713652        3  44 230 234       0   0   0   0       0   0   0   0       0   0   1      0.000000     2.689556 0.000000 
236     34.771830 24.773260 23.139465        1 241   0   0       2 204 237   0       0   0   0   0       0   0   1      0.000000     2.689556 0.000000 
237     34.383223 26.610921 22.108317        1 238   0   0       2 233 236   0       0   0   0   0       0   0   1      0.000000     2.689556 0.000000 
238     34.388907 28.126411 23.245698        3  57 237 239       0   0   0   0       0   0   0   0       0   0   1      0.000000     2.689556 0.000000 
239     34.383212 28.307500 25.131847        1 238   0   0       2 222 240   0       0   0   0   0       0   0   1      0.000000     2.689556 0.000000 
240     34.771821 26.469850 26.163019        1 241   0   0       2 209 239   0       0   0   0   0       0   0   1      0.000000     2.689556 0.000000 
241     35.050047 25.000000 25.000000        3  49 236 240       0   0   0   0       0   0   0   0       0   1   1      0.000000     6.629187 0.900000 
