  1     25.000000 25.000000 25.000000        1   1   0   0   0    0.000000 0.000000 0.000000 0.000000       1   0   1
  2     16.780622 20.569972 27.485795        4   3   6  67   1    2.060081 2.060081 1.821784 9.662427       0   0   1
  3     17.593483 18.971704 26.471532        4   2   4  97   1    2.060081 2.060083 1.821811 9.662414       0   0   1
  4     18.908685 18.016787 27.737359        4   3   5 109   1    2.060083 2.060073 1.821794 9.662428       0   0   1
  5     18.908678 19.024896 29.533916        4   4   6  88   1    2.060073 2.060063 1.821793 9.662426       0   0   1
  6     17.593473 20.602846 29.378445        4   2   5  70   1    2.060081 2.060063 1.821787 9.662421       0   0   1
  7     19.088031 26.726413 32.445157        4   8  11  73   1    2.060079 2.060083 1.821819 9.662413       0   0   1
  8     20.842476 26.948120 33.501895        4   7   9  85   1    2.060079 2.060090 1.821794 9.662422       0   0   1
  9     21.553198 28.851909 33.163614        4   8  10 127   1    2.060090 2.060106 1.821829 9.662414       0   0   1
 10     20.237972 29.806844 31.897787        4   9  11 142   1    2.060106 2.060109 1.821843 9.662408       0   0   1
 11     18.714412 28.493196 31.453779        4   7  10  76   1    2.060083 2.060109 1.821807 9.662417       0   0   1
 12     15.948564 28.381354 25.013726        4  13  16  79   1    2.060119 2.060082 1.821803 9.662413       0   0   1
 13     16.659273 29.662118 23.565062        4  12  14 139   1    2.060119 2.060089 1.821825 9.662407       0   0   1
 14     16.659282 28.654006 21.768488        4  13  15 154   1    2.060089 2.060108 1.821844 9.662402       0   0   1
 15     15.948565 26.750201 22.106796        4  14  16 100   1    2.060108 2.060095 1.821826 9.662417       0   0   1
 16     15.509335 26.581706 24.112457        4  12  15  64   1    2.060082 2.060095 1.821820 9.662414       0   0   1
 17     18.714463 21.311790 18.655593        4  18  21 103   1    2.060106 2.060075 1.821812 9.662420       0   0   1
 18     20.238037 21.617299 17.303032        4  17  19 151   1    2.060106 2.060058 1.821819 9.662416       0   0   1
 19     21.553244 20.039358 17.458507        4  18  20 166   1    2.060058 2.060112 1.821815 9.662412       0   0   1
 20     20.842530 18.758600 18.907164        4  19  21 112   1    2.060112 2.060073 1.821804 9.662416       0   0   1
 21     19.088078 19.545024 19.646985        4  17  20  94   1    2.060075 2.060073 1.821819 9.662420       0   0   1
 22     25.317757 15.509337 23.214338        4  23  26 115   1    2.060110 2.060106 1.821820 9.662414       0   0   1
 23     27.343705 15.835161 23.031503        4  22  24 163   1    2.060110 2.060102 1.821837 9.662412       0   0   1
 24     28.156548 15.868045 24.924180        4  23  25 178   1    2.060102 2.060115 1.821820 9.662409       0   0   1
 25     26.632965 15.562536 26.276746        4  24  26 118   1    2.060115 2.060088 1.821811 9.662421       0   0   1
 26     24.878507 15.340855 25.220008        4  22  25 106   1    2.060106 2.060088 1.821805 9.662414       0   0   1
 27     24.878444 19.779248 33.129657        4  28  31  91   1    2.060085 2.060082 1.821812 9.662420       0   0   1
 28     26.632909 18.992819 32.389839        4  27  29 121   1    2.060085 2.060108 1.821808 9.662419       0   0   1
 29     28.156492 20.306441 32.833841        4  28  30 175   1    2.060108 2.060102 1.821839 9.662401       0   0   1
 30     27.343626 21.904737 33.848099        4  29  31 130   1    2.060102 2.060104 1.821832 9.662407       0   0   1
 31     25.317687 21.578891 34.030927        4  27  30  82   1    2.060082 2.060104 1.821790 9.662431       0   0   1
 32     22.656295 34.164839 26.968497        4  33  36 145   1    2.060110 2.060102 1.821837 9.662412       0   0   1
 33     24.682243 34.490663 26.785662        4  32  34 187   1    2.060110 2.060106 1.821820 9.662414       0   0   1
 34     25.121493 34.659145 24.779992        4  33  35 217   1    2.060106 2.060088 1.821806 9.662414       0   0   1
 35     23.367035 34.437464 23.723254        4  34  36 190   1    2.060088 2.060115 1.821811 9.662421       0   0   1
 36     21.843452 34.131955 25.075820        4  32  35 136   1    2.060102 2.060115 1.821820 9.662409       0   0   1
 37     21.843508 29.693559 17.166159        4  38  41 157   1    2.060108 2.060110 1.821839 9.662401       0   0   1
 38     23.367091 31.007181 17.610161        4  37  39 193   1    2.060108 2.060085 1.821808 9.662419       0   0   1
 39     25.121556 30.220752 16.870343        4  38  40 229   1    2.060085 2.060082 1.821812 9.662420       0   0   1
 40     24.682313 28.421109 15.969073        4  39  41 196   1    2.060082 2.060108 1.821790 9.662431       0   0   1
 41     22.656372 28.095255 16.151896        4  37  40 148   1    2.060110 2.060108 1.821823 9.662409       0   0   1
 42     28.446802 21.148091 16.836386        4  43  46 169   1    2.060098 2.060106 1.821829 9.662414       0   0   1
 43     29.157527 23.051888 16.498109        4  42  44 199   1    2.060098 2.060074 1.821791 9.662417       0   0   1
 44     30.911969 23.273587 17.554843        4  43  45 235   1    2.060074 2.060083 1.821819 9.662413       0   0   1
 45     31.285588 21.506804 18.546221        4  44  46 202   1    2.060083 2.060109 1.821807 9.662417       0   0   1
 46     29.762028 20.193156 18.102213        4  42  45 160   1    2.060106 2.060109 1.821843 9.662408       0   0   1
 47     33.340727 20.337882 26.434938        4  48  51 181   1    2.060119 2.060089 1.821825 9.662407       0   0   1
 48     34.051436 21.618646 24.986274        4  47  49 205   1    2.060119 2.060082 1.821803 9.662413       0   0   1
 49     34.490665 23.418294 25.887543        4  48  50 241   1    2.060082 2.060095 1.821820 9.662414       0   0   1
 50     34.051435 23.249799 27.893204        4  49  51 208   1    2.060095 2.060108 1.821826 9.662417       0   0   1
 51     33.340718 21.345994 28.231512        4  47  50 172   1    2.060089 2.060108 1.821844 9.662402       0   0   1
 52     29.761963 28.382701 32.696968        4  53  56 133   1    2.060106 2.060058 1.821819 9.662416       0   0   1
 53     31.285537 28.688210 31.344407        4  52  54 211   1    2.060106 2.060075 1.821812 9.662420       0   0   1
 54     30.911922 30.454976 30.353015        4  53  55 220   1    2.060075 2.060073 1.821819 9.662420       0   0   1
 55     29.157470 31.241400 31.092836        4  54  56 184   1    2.060073 2.060112 1.821804 9.662416       0   0   1
 56     28.446756 29.960642 32.541493        4  52  55 124   1    2.060058 2.060112 1.821815 9.662412       0   0   1
 57     33.219373 29.430033 22.514198        4  58  61 238   1    2.060072 2.060079 1.821793 9.662427       0   0   1
 58     32.406527 29.397154 20.621555        4  57  59 232   1    2.060072 2.060063 1.821787 9.662421       0   0   1
 59     31.091322 30.975104 20.466084        4  58  60 226   1    2.060063 2.060073 1.821793 9.662426       0   0   1
 60     31.091315 31.983213 22.262641        4  59  61 214   1    2.060073 2.060083 1.821794 9.662428       0   0   1
 61     32.406517 31.028296 23.528468        4  57  60 223   1    2.060079 2.060083 1.821811 9.662414       0   0   1
 62     15.978687 23.451212 27.780151        4  63  67  69   1    2.060083 1.821746 2.060126 9.566194       0   0   1
 63     15.605068 25.217995 26.788774        4  62  64  74   1    2.060083 1.821753 2.060143 9.566189       0   0   1
 64     15.337582 25.000000 25.000000        4  16  63  65   1    1.821820 1.821753 1.821772 9.662418       0   0   1
 65     15.605077 23.586842 23.881839        4  64  66  99   1    1.821772 2.060084 2.060156 9.566184       0   0   1
 66     15.978697 21.820070 24.873238        4  65  67  92   1    2.060084 1.821748 2.060148 9.566187       0   0   1
 67     15.973222 21.994174 26.686639        4   2  62  66   1    1.821784 1.821746 1.821748 9.662425       0   0   1
 68     17.230782 25.283729 30.574113        4  69  73  75   1    2.060082 1.821748 2.060151 9.566189       0   0   1
 69     16.791553 23.484081 29.672845        4  62  68  70   1    2.060126 2.060082 1.821740 9.566195       0   0   1
 70     17.598939 22.059917 30.471982        4   6  69  71   1    1.821787 1.821740 1.821734 9.662421       0   0   1
 71     18.919603 21.939010 31.720959        4  70  72  87   1    1.821734 2.060082 2.060111 9.566199       0   0   1
 72     19.358846 23.738653 32.622229        4  71  73  80   1    2.060082 1.821736 2.060145 9.566190       0   0   1
 73     18.346201 25.121653 32.005314        4   7  68  72   1    1.821819 1.821748 1.821736 9.662415       0   0   1
 74     16.044306 27.017699 27.690064        4  63  75  79   1    2.060143 2.060067 1.821762 9.566191       0   0   1
 75     16.857150 27.050569 29.582702        4  68  74  76   1    2.060151 2.060067 1.821756 9.566190       0   0   1
 76     17.598954 28.655271 30.022533        4  11  75  77   1    1.821807 1.821756 1.821789 9.662418       0   0   1
 77     18.007091 30.131000 29.035333        4  76  78 141   1    1.821789 2.060096 2.060174 9.566182       0   0   1
 78     17.194242 30.098124 27.142666        4  77  79 134   1    2.060096 1.821771 2.060186 9.566177       0   0   1
 79     16.216045 28.599357 26.802551        4  12  74  78   1    1.821803 1.821762 1.821771 9.662423       0   0   1
 80     21.113347 23.960362 33.679001        4  72  81  85   1    2.060145 2.060050 1.821757 9.566190       0   0   1
 81     22.428548 22.382426 33.834470        4  80  82  86   1    2.060050 1.821754 2.060142 9.566186       0   0   1
 82     24.092717 22.880495 34.383338        4  31  81  83   1    1.821790 1.821754 1.821781 9.662427       0   0   1
 83     24.893729 24.507918 34.552929        4  82  84 129   1    1.821781 2.060063 2.060153 9.566185       0   0   1
 84     23.578514 26.085858 34.397459        4  83  85 122   1    2.060063 1.821772 2.060165 9.566187       0   0   1
 85     21.855146 25.565069 34.118826        4   8  80  84   1    1.821794 1.821757 1.821772 9.662422       0   0   1
 86     21.989288 20.582726 32.933184        4  81  87  91   1    2.060142 2.060086 1.821743 9.566195       0   0   1
 87     20.234839 20.361024 31.876438        4  71  86  88   1    2.060111 2.060086 1.821736 9.566204       0   0   1
 88     20.229381 18.903990 30.782937        4   5  87  89   1    1.821793 1.821736 1.821741 9.662428       0   0   1
 89     21.550066 17.774969 30.235359        4  88  90 108   1    1.821741 2.060076 2.060134 9.566195       0   0   1
 90     23.304511 17.996654 31.292095        4  89  91 116   1    2.060076 1.821754 2.060143 9.566190       0   0   1
 91     23.214223 19.281153 32.580777        4  27  86  90   1    1.821812 1.821743 1.821754 9.662422       0   0   1
 92     16.791575 20.221747 23.858938        4  66  93  97   1    2.060148 2.060102 1.821731 9.566188       0   0   1
 93     17.230814 20.390242 21.853271        4  92  94  98   1    2.060102 1.821748 2.060143 9.566192       0   0   1
 94     18.346235 19.084240 21.245850        4  21  93  95   1    1.821819 1.821748 1.821752 9.662424       0   0   1
 95     19.358883 17.837049 22.104825        4  94  96 111   1    1.821752 2.060106 2.060130 9.566196       0   0   1
 96     18.919633 17.668567 24.110495        4  95  97 104   1    2.060106 1.821733 2.060156 9.566190       0   0   1
 97     17.598956 18.797589 24.658068        4   3  92  96   1    1.821811 1.821731 1.821733 9.662416       0   0   1
 98     16.857185 22.157066 20.861845        4  93  99 103   1    2.060143 2.060087 1.821753 9.566192       0   0   1
 99     16.044331 23.755338 21.876120        4  65  98 100   1    2.060156 2.060087 1.821762 9.566180       0   0   1
100     16.216071 25.336996 20.988608        4  15  99 101   1    1.821826 1.821762 1.821785 9.662414       0   0   1
101     17.194274 25.827642 19.532144        4 100 102 153   1    1.821785 2.060105 2.060169 9.566180       0   0   1
102     18.007144 24.229341 18.517892        4 101 103 146   1    2.060105 1.821755 2.060178 9.566173       0   0   1
103     17.598992 22.617830 19.263033        4  17  98 102   1    1.821812 1.821753 1.821755 9.662425       0   0   1
104     20.234887 16.713624 25.376366        4  96 105 109   1    2.060156 2.060069 1.821753 9.566190       0   0   1
105     21.989334 15.927205 24.636539        4 104 106 110   1    2.060069 1.821765 2.060166 9.566182       0   0   1
106     23.214276 15.549785 25.931104        4  26 105 107   1    1.821805 1.821765 1.821753 9.662418       0   0   1
107     23.304544 15.980401 27.698930        4 106 108 117   1    1.821753 2.060085 2.060146 9.566188       0   0   1
108     21.550079 16.766830 28.438748        4  89 107 109   1    2.060134 2.060085 1.821734 9.566193       0   0   1
109     20.229414 16.887736 27.189772        4   4 104 108   1    1.821794 1.821753 1.821734 9.662423       0   0   1
110     22.428595 16.095693 22.630810        4 105 111 115   1    2.060166 2.060085 1.821754 9.566184       0   0   1
111     21.113382 17.050601 21.364983        4  95 110 112   1    2.060130 2.060085 1.821761 9.566195       0   0   1
112     21.855197 17.511365 19.766166        4  20 111 113   1    1.821804 1.821761 1.821754 9.662425       0   0   1
113     23.578549 17.544932 19.176489        4 112 114 165   1    1.821754 2.060108 2.060179 9.566182       0   0   1
114     24.893786 16.590006 20.442315        4 113 115 158   1    2.060108 1.821792 2.060168 9.566178       0   0   1
115     24.092778 15.886765 21.919733        4  22 110 114   1    1.821820 1.821754 1.821792 9.662409       0   0   1
116     25.059031 17.210205 30.552267        4  90 117 121   1    2.060143 2.060077 1.821755 9.566194       0   0   1
117     25.059047 16.202096 28.755705        4 107 116 118   1    2.060146 2.060077 1.821754 9.566186       0   0   1
118     26.723231 15.993168 28.044628        4  25 117 119   1    1.821811 1.821754 1.821767 9.662417       0   0   1
119     28.337088 16.729286 28.459877        4 118 120 177   1    1.821767 2.060097 2.060184 9.566171       0   0   1
120     28.337081 17.737406 30.256455        4 119 121 170   1    2.060097 1.821788 2.060168 9.566175       0   0   1
121     26.723203 17.708279 31.101123        4  28 116 120   1    1.821808 1.821755 1.821788 9.662418       0   0   1
122     24.289262 27.989713 34.059152        4  84 123 127   1    2.060165 2.060102 1.821739 9.566178       0   0   1
123     26.315200 28.315561 33.876341        4 122 124 128   1    2.060102 1.821761 2.060124 9.566197       0   0   1
124     26.723348 29.927077 33.131193        4  56 123 125   1    1.821815 1.821761 1.821750 9.662418       0   0   1
125     25.710709 31.174269 32.272213        4 124 126 183   1    1.821750 2.060110 2.060179 9.566179       0   0   1
126     23.684761 30.848445 32.455049        4 125 127 143   1    2.060110 1.821782 2.060169 9.566186       0   0   1
127     23.276620 29.372721 33.442242        4   9 122 126   1    1.821829 1.821739 1.821782 9.662411       0   0   1
128     27.630449 26.737571 34.031822        4 123 129 133   1    2.060124 2.060103 1.821754 9.566202       0   0   1
129     26.919716 24.833773 34.370104        4  83 128 130   1    2.060153 2.060103 1.821738 9.566179       0   0   1
130     28.144652 23.532208 34.017702        4  30 129 131   1    1.821832 1.821738 1.821788 9.662411       0   0   1
131     29.758528 23.561326 33.173029        4 130 132 174   1    1.821788 2.060108 2.060163 9.566179       0   0   1
132     30.469231 25.465135 32.834719        4 131 133 206   1    2.060108 1.821755 2.060178 9.566173       0   0   1
133     29.353801 26.771137 33.442145        4  52 128 132   1    1.821819 1.821754 1.821755 9.662419       0   0   1
134     17.904979 31.378928 25.693957        4  78 135 139   1    2.060186 2.060109 1.821753 9.566171       0   0   1
135     19.428539 32.692576 26.137965        4 134 136 140   1    2.060109 1.821778 2.060155 9.566184       0   0   1
136     20.229545 33.395820 24.660563        4  36 135 137   1    1.821820 1.821778 1.821759 9.662414       0   0   1
137     20.139272 32.965209 22.892731        4 136 138 189   1    1.821759 2.060110 2.060184 9.566181       0   0   1
138     18.615696 31.651579 22.448719        4 137 139 155   1    2.060110 1.821785 2.060151 9.566184       0   0   1
139     17.637493 31.160933 23.905183        4  13 134 138   1    1.821825 1.821753 1.821785 9.662413       0   0   1
140     20.241410 32.725451 28.030687        4 135 141 145   1    2.060155 2.060119 1.821767 9.566182       0   0   1
141     19.530702 31.444688 29.479351        4  77 140 142   1    2.060174 2.060119 1.821748 9.566181       0   0   1
142     20.646120 31.282612 30.910552        4  10 141 143   1    1.821843 1.821748 1.821772 9.662407       0   0   1
143     22.369488 31.803401 31.189185        4 126 142 144   1    2.060169 1.821772 2.060119 9.566184       0   0   1
144     23.080210 33.084160 29.740523        4 143 145 182   1    2.060119 1.821777 2.060168 9.566180       0   0   1
145     21.855261 33.461576 28.445946        4  32 140 144   1    1.821837 1.821767 1.821777 9.662412       0   0   1
146     19.530769 24.534865 17.165281        4 102 147 151   1    2.060178 2.060108 1.821755 9.566173       0   0   1
147     20.241472 26.438674 16.826971        4 146 148 152   1    2.060108 1.821788 2.060163 9.566179       0   0   1
148     21.855348 26.467792 15.982298        4  41 147 149   1    1.821823 1.821788 1.821738 9.662411       0   0   1
149     23.080284 25.166227 15.629896        4 148 150 195   1    1.821738 2.060103 2.060153 9.566179       0   0   1
150     22.369551 23.262429 15.968178        4 149 151 167   1    2.060103 1.821754 2.060124 9.566202       0   0   1
151     20.646199 23.228863 16.557855        4  18 146 150   1    1.821819 1.821755 1.821754 9.662419       0   0   1
152     19.428583 28.037021 17.841254        4 147 153 157   1    2.060163 2.060117 1.821777 9.566181       0   0   1
153     17.905005 27.731507 19.193828        4 101 152 154   1    2.060169 2.060117 1.821769 9.566176       0   0   1
154     17.637513 29.144671 20.311977        4  14 153 155   1    1.821844 1.821769 1.821771 9.662405       0   0   1
155     18.615710 30.643437 20.652091        4 138 154 156   1    2.060151 1.821771 2.060116 9.566183       0   0   1
156     20.139290 30.948938 19.299520        4 155 157 188   1    2.060116 1.821744 2.060168 9.566182       0   0   1
157     20.229586 29.664443 18.010850        4  37 152 156   1    1.821839 1.821777 1.821744 9.662406       0   0   1
158     26.919790 16.915840 20.259477        4 114 159 163   1    2.060168 2.060119 1.821777 9.566180       0   0   1
159     27.630512 18.196599 18.810815        4 158 160 164   1    2.060119 1.821772 2.060169 9.566184       0   0   1
160     29.353880 18.717388 19.089448        4  46 159 161   1    1.821843 1.821772 1.821748 9.662407       0   0   1
161     30.469298 18.555312 20.520649        4 160 162 201   1    1.821748 2.060119 2.060174 9.566181       0   0   1
162     29.758590 17.274549 21.969313        4 161 163 179   1    2.060119 1.821767 2.060155 9.566182       0   0   1
163     28.144739 16.538424 21.554054        4  23 158 162   1    1.821837 1.821777 1.821767 9.662412       0   0   1
164     26.315241 19.151564 17.544956        4 159 165 169   1    2.060169 2.060113 1.821778 9.566177       0   0   1
165     24.289291 18.825731 17.727787        4 113 164 166   1    2.060179 2.060113 1.821750 9.566179       0   0   1
166     23.276652 20.072923 16.868807        4  19 165 167   1    1.821815 1.821750 1.821761 9.662418       0   0   1
167     23.684800 21.684439 16.123659        4 150 166 168   1    2.060124 1.821761 2.060102 9.566197       0   0   1
168     25.710738 22.010287 15.940848        4 167 169 194   1    2.060102 1.821739 2.060165 9.566178       0   0   1
169     26.723380 20.627279 16.557758        4  42 164 168   1    1.821829 1.821778 1.821739 9.662411       0   0   1
170     29.860710 19.051062 30.700480        4 120 171 175   1    2.060168 2.060116 1.821744 9.566182       0   0   1
171     31.384290 19.356563 29.347909        4 170 172 176   1    2.060116 1.821771 2.060159 9.566183       0   0   1
172     32.362487 20.855329 29.688023        4  51 171 173   1    1.821844 1.821771 1.821769 9.662405       0   0   1
173     32.094995 22.268493 30.806172        4 172 174 207   1    1.821769 2.060117 2.060169 9.566176       0   0   1
174     30.571417 21.962979 32.158746        4 131 173 175   1    2.060163 2.060117 1.821777 9.566181       0   0   1
175     29.770414 20.335557 31.989150        4  29 170 174   1    1.821839 1.821744 1.821777 9.662406       0   0   1
176     31.384302 18.348412 27.551277        4 171 177 181   1    2.060159 2.060102 1.821785 9.566187       0   0   1
177     29.860728 17.034791 27.107269        4 119 176 178   1    2.060184 2.060102 1.821759 9.566181       0   0   1
178     29.770455 16.604180 25.339437        4  24 177 179   1    1.821820 1.821759 1.821778 9.662414       0   0   1
179     30.571461 17.307424 23.862035        4 162 178 180   1    2.060155 1.821778 2.060109 9.566184       0   0   1
180     32.095021 18.621072 24.306043        4 179 181 200   1    2.060109 1.821753 2.060186 9.566171       0   0   1
181     32.362507 18.839067 26.094817        4  47 176 180   1    1.821825 1.821785 1.821753 9.662413       0   0   1
182     25.106214 33.409994 29.557685        4 144 183 187   1    2.060168 2.060108 1.821792 9.566178       0   0   1
183     26.421451 32.455068 30.823511        4 125 182 184   1    2.060179 2.060108 1.821754 9.566182       0   0   1
184     28.144803 32.488635 30.233834        4  55 183 185   1    1.821804 1.821754 1.821761 9.662425       0   0   1
185     28.886618 32.949399 28.635017        4 184 186 219   1    1.821761 2.060085 2.060127 9.566195       0   0   1
186     27.571405 33.904307 27.369190        4 185 187 212   1    2.060085 1.821754 2.060166 9.566184       0   0   1
187     25.907222 34.113235 28.080267        4  33 182 186   1    1.821820 1.821792 1.821754 9.662409       0   0   1
188     21.662919 32.262594 19.743545        4 156 189 193   1    2.060168 2.060097 1.821788 9.566175       0   0   1
189     21.662912 33.270714 21.540123        4 137 188 190   1    2.060184 2.060097 1.821767 9.566171       0   0   1
190     23.276769 34.006832 21.955372        4  35 189 191   1    1.821811 1.821767 1.821754 9.662417       0   0   1
191     24.940953 33.797904 21.244295        4 190 192 216   1    1.821754 2.060077 2.060146 9.566186       0   0   1
192     24.940969 32.789795 19.447733        4 191 193 224   1    2.060077 1.821755 2.060143 9.566194       0   0   1
193     23.276797 32.291721 18.898877        4  38 188 192   1    1.821808 1.821788 1.821755 9.662418       0   0   1
194     26.421486 23.914142 15.602541        4 168 195 199   1    2.060165 2.060063 1.821772 9.566187       0   0   1
195     25.106271 25.492082 15.447071        4 149 194 196   1    2.060153 2.060063 1.821781 9.566185       0   0   1
196     25.907283 27.119505 15.616662        4  40 195 197   1    1.821790 1.821781 1.821754 9.662427       0   0   1
197     27.571452 27.617574 16.165530        4 196 198 228   1    1.821754 2.060050 2.060142 9.566186       0   0   1
198     28.886653 26.039638 16.320999        4 197 199 230   1    2.060050 1.821757 2.060145 9.566190       0   0   1
199     28.144854 24.434931 15.881174        4  43 194 198   1    1.821791 1.821772 1.821757 9.662422       0   0   1
200     32.805758 19.901876 22.857334        4 180 201 205   1    2.060186 2.060096 1.821771 9.566177       0   0   1
201     31.992909 19.869000 20.964667        4 161 200 202   1    2.060174 2.060096 1.821789 9.566182       0   0   1
202     32.401046 21.344729 19.977467        4  45 201 203   1    1.821807 1.821789 1.821756 9.662418       0   0   1
203     33.142850 22.949431 20.417298        4 202 204 234   1    1.821756 2.060067 2.060151 9.566190       0   0   1
204     33.955694 22.982301 22.309936        4 203 205 236   1    2.060067 1.821762 2.060143 9.566191       0   0   1
205     33.783955 21.400643 23.197449        4  48 200 204   1    1.821803 1.821771 1.821762 9.662423       0   0   1
206     31.992856 25.770659 31.482108        4 132 207 211   1    2.060178 2.060105 1.821755 9.566173       0   0   1
207     32.805726 24.172358 30.467856        4 173 206 208   1    2.060169 2.060105 1.821785 9.566180       0   0   1
208     33.783929 24.663004 29.011392        4  50 207 209   1    1.821826 1.821785 1.821762 9.662414       0   0   1
209     33.955669 26.244662 28.123880        4 208 210 240   1    1.821762 2.060087 2.060156 9.566180       0   0   1
210     33.142815 27.842934 29.138155        4 209 211 221   1    2.060087 1.821753 2.060143 9.566192       0   0   1
211     32.401008 27.382170 30.736967        4  53 206 210   1    1.821812 1.821755 1.821753 9.662425       0   0   1
212     28.010666 34.072795 25.363461        4 186 213 217   1    2.060166 2.060069 1.821768 9.566182       0   0   1
213     29.765113 33.286376 24.623634        4 212 214 218   1    2.060069 1.821753 2.060156 9.566190       0   0   1
214     29.770586 33.112264 22.810228        4  60 213 215   1    1.821794 1.821753 1.821734 9.662423       0   0   1
215     28.449921 33.233170 21.561252        4 214 216 225   1    1.821734 2.060085 2.060134 9.566193       0   0   1
216     26.695456 34.019599 22.301070        4 191 215 217   1    2.060146 2.060085 1.821747 9.566188       0   0   1
217     26.785722 34.450207 24.068891        4  34 212 216   1    1.821806 1.821768 1.821747 9.662410       0   0   1
218     31.080367 32.331433 25.889505        4 213 219 223   1    2.060156 2.060100 1.821733 9.566190       0   0   1
219     30.641113 32.162956 27.895168        4 185 218 220   1    2.060127 2.060100 1.821761 9.566195       0   0   1
220     31.653765 30.915760 28.754150        4  54 219 221   1    1.821819 1.821761 1.821748 9.662424       0   0   1
221     32.769186 29.609758 28.146729        4 210 220 222   1    2.060143 1.821748 2.060102 9.566192       0   0   1
222     33.208425 29.778253 26.141062        4 221 223 239   1    2.060102 1.821731 2.060148 9.566188       0   0   1
223     32.401044 31.202411 25.341932        4  61 218 222   1    1.821811 1.821733 1.821731 9.662416       0   0   1
224     26.695489 32.003346 18.707905        4 192 225 229   1    2.060143 2.060076 1.821754 9.566190       0   0   1
225     28.449934 32.225031 19.764641        4 215 224 226   1    2.060134 2.060076 1.821741 9.566195       0   0   1
226     29.770619 31.096010 19.217063        4  59 225 227   1    1.821793 1.821741 1.821736 9.662428       0   0   1
227     29.765161 29.638976 18.123562        4 226 228 231   1    1.821736 2.060086 2.060111 9.566204       0   0   1
228     28.010712 29.417274 17.066816        4 197 227 229   1    2.060142 2.060086 1.821743 9.566195       0   0   1
229     26.785777 30.718847 17.419223        4  39 224 228   1    1.821812 1.821754 1.821743 9.662422       0   0   1
230     30.641154 26.261347 17.377771        4 198 231 235   1    2.060145 2.060082 1.821736 9.566190       0   0   1
231     31.080397 28.060990 18.279041        4 227 230 232   1    2.060111 2.060082 1.821734 9.566199       0   0   1
232     32.401061 27.940083 19.528018        4  58 231 233   1    1.821787 1.821734 1.821740 9.662421       0   0   1
233     33.208447 26.515919 20.327155        4 232 234 237   1    1.821740 2.060082 2.060126 9.566195       0   0   1
234     32.769218 24.716271 19.425887        4 203 233 235   1    2.060151 2.060082 1.821748 9.566189       0   0   1
235     31.653799 24.878347 17.994686        4  44 230 234   1    1.821819 1.821736 1.821748 9.662415       0   0   1
236     34.394932 24.782005 23.211226        4 204 237 241   1    2.060143 2.060083 1.821753 9.566189       0   0   1
237     34.021313 26.548788 22.219849        4 233 236 238   1    2.060126 2.060083 1.821746 9.566194       0   0   1
238     34.026778 28.005826 23.313361        4  57 237 239   1    1.821793 1.821746 1.821748 9.662425       0   0   1
239     34.021303 28.179930 25.126762        4 222 238 240   1    2.060148 1.821748 2.060084 9.566187       0   0   1
240     34.394923 26.413158 26.118161        4 209 239 241   1    2.060156 2.060084 1.821772 9.566184       0   0   1
241     34.662418 25.000000 25.000000        4  49 236 240   1    1.821820 1.821753 1.821772 9.662418       0   1   1
